3337
(278,202)
(277,202)
(276,202)
(275,202)
(274,202)
(273,202)
(272,202)
(271,202)
(270,202)
(269,202)
(268,202)
(267,202)
(266,202)
(265,202)
(264,202)
(263,202)
(262,202)
(261,202)
(260,202)
(259,202)
(258,202)
(257,202)
(256,202)
(255,202)
(254,202)
(253,202)
(252,202)
(251,202)
(250,202)
(249,202)
(248,202)
(247,202)
(246,202)
(245,202)
(244,202)
(243,202)
(242,202)
(241,202)
(240,202)
(239,202)
(238,202)
(237,202)
(236,202)
(235,202)
(234,202)
(233,202)
(232,202)
(231,202)
(230,202)
(229,202)
(228,202)
(227,202)
(226,202)
(225,202)
(224,202)
(223,202)
(222,202)
(221,202)
(220,202)
(219,202)
(218,202)
(217,202)
(216,202)
(215,202)
(214,202)
(213,202)
(212,202)
(211,202)
(210,202)
(209,202)
(208,202)
(207,202)
(206,202)
(205,202)
(204,202)
(203,202)
(202,202)
(201,202)
(200,202)
(199,202)
(198,202)
(197,202)
(196,202)
(195,202)
(194,202)
(193,202)
(192,202)
(191,202)
(190,202)
(189,202)
(188,202)
(187,202)
(186,202)
(185,202)
(184,202)
(183,202)
(182,202)
(181,202)
(180,202)
(179,202)
(178,202)
(177,202)
(176,202)
(175,202)
(174,202)
(173,202)
(172,202)
(171,202)
(170,202)
(169,202)
(168,202)
(167,202)
(166,202)
(165,202)
(164,202)
(163,202)
(162,202)
(161,202)
(160,202)
(159,202)
(158,202)
(157,202)
(156,202)
(155,202)
(154,202)
(153,202)
(152,202)
(151,202)
(150,202)
(149,202)
(148,202)
(147,202)
(146,202)
(145,202)
(144,202)
(143,202)
(142,202)
(141,202)
(140,202)
(139,202)
(138,202)
(137,202)
(136,202)
(135,202)
(134,202)
(133,202)
(132,202)
(131,202)
(130,202)
(129,202)
(128,202)
(127,202)
(126,202)
(125,202)
(124,202)
(123,202)
(122,202)
(121,202)
(120,202)
(119,202)
(118,202)
(117,202)
(116,202)
(115,202)
(114,202)
(113,202)
(112,202)
(111,202)
(110,202)
(109,202)
(108,202)
(107,202)
(106,202)
(105,202)
(104,202)
(103,202)
(102,202)
(101,202)
(100,202)
(99,202)
(98,202)
(97,202)
(96,202)
(95,202)
(94,202)
(93,202)
(92,202)
(91,202)
(90,202)
(89,202)
(88,202)
(87,202)
(86,202)
(85,202)
(84,202)
(83,202)
(82,202)
(81,202)
(80,202)
(79,202)
(78,202)
(77,202)
(76,202)
(75,202)
(74,202)
(73,202)
(72,202)
(71,202)
(70,202)
(69,202)
(68,202)
(67,202)
(66,202)
(65,202)
(64,202)
(63,202)
(62,202)
(61,202)
(60,202)
(59,202)
(58,202)
(57,202)
(56,202)
(55,202)
(54,203)
(53,204)
(52,205)
(51,206)
(50,207)
(49,208)
(48,209)
(47,210)
(46,211)
(45,212)
(44,213)
(43,214)
(42,215)
(41,216)
(40,217)
(39,218)
(38,219)
(37,220)
(36,221)
(35,222)
(34,223)
(33,224)
(32,225)
(31,226)
(30,227)
(29,228)
(108,201)
(107,200)
(106,199)
(105,198)
(104,197)
(103,196)
(102,195)
(101,194)
(100,193)
(99,192)
(98,191)
(97,190)
(96,189)
(95,188)
(94,187)
(93,186)
(92,185)
(91,184)
(90,183)
(89,182)
(88,181)
(87,180)
(86,179)
(85,178)
(84,177)
(83,176)
(82,175)
(81,174)
(80,173)
(79,172)
(78,171)
(77,170)
(76,169)
(75,168)
(74,167)
(73,166)
(72,165)
(71,164)
(70,163)
(69,162)
(68,161)
(67,160)
(66,159)
(65,158)
(64,157)
(63,156)
(62,155)
(61,154)
(60,153)
(59,152)
(58,151)
(57,150)
(56,149)
(55,148)
(54,147)
(53,146)
(52,145)
(51,144)
(50,143)
(49,142)
(48,141)
(47,140)
(46,139)
(45,138)
(44,137)
(43,136)
(42,135)
(41,134)
(40,133)
(39,132)
(38,131)
(37,130)
(36,129)
(35,128)
(34,127)
(33,126)
(32,125)
(31,124)
(30,123)
(30,122)
(30,121)
(30,120)
(30,119)
(30,118)
(30,117)
(30,116)
(30,115)
(30,114)
(30,113)
(30,112)
(30,111)
(30,110)
(30,109)
(30,108)
(30,107)
(30,106)
(30,105)
(30,104)
(30,103)
(30,102)
(30,101)
(30,100)
(30,99)
(30,98)
(30,97)
(30,96)
(30,95)
(30,94)
(30,93)
(30,92)
(30,91)
(30,90)
(30,89)
(30,88)
(30,87)
(30,86)
(30,85)
(30,84)
(30,83)
(30,82)
(30,81)
(30,80)
(30,79)
(30,78)
(30,77)
(30,76)
(30,75)
(30,74)
(30,73)
(30,72)
(30,71)
(30,70)
(30,69)
(30,68)
(30,67)
(30,66)
(30,65)
(30,64)
(30,63)
(31,62)
(31,82)
(44,214)
(44,214)
(45,215)
(46,216)
(47,217)
(48,218)
(49,219)
(50,220)
(51,221)
(52,222)
(53,223)
(54,224)
(55,225)
(56,226)
(57,227)
(58,228)
(59,229)
(60,230)
(61,231)
(62,232)
(65,203)
(108,204)
(108,203)
(108,204)
(107,205)
(106,206)
(105,207)
(104,208)
(103,209)
(102,210)
(101,211)
(100,212)
(99,213)
(98,214)
(97,215)
(96,216)
(95,217)
(94,218)
(93,219)
(92,220)
(92,235)
(92,234)
(92,233)
(92,232)
(92,231)
(92,230)
(92,229)
(92,228)
(92,227)
(92,226)
(92,225)
(92,224)
(92,223)
(92,222)
(92,221)
(92,235)
(93,236)
(94,237)
(95,238)
(96,239)
(97,240)
(104,198)
(104,199)
(103,210)
(103,210)
(104,211)
(105,212)
(106,213)
(107,214)
(108,215)
(109,216)
(110,217)
(111,218)
(112,219)
(148,204)
(148,203)
(148,204)
(147,205)
(146,206)
(145,207)
(144,208)
(143,209)
(142,210)
(141,211)
(140,212)
(139,213)
(138,214)
(137,215)
(136,216)
(135,217)
(134,218)
(133,219)
(132,220)
(132,241)
(132,240)
(132,239)
(132,238)
(132,237)
(132,236)
(132,235)
(132,234)
(132,233)
(132,232)
(132,231)
(132,230)
(132,229)
(132,228)
(132,227)
(132,226)
(132,225)
(132,224)
(132,223)
(132,222)
(132,221)
(132,241)
(133,242)
(149,201)
(148,200)
(147,199)
(146,198)
(145,197)
(144,196)
(143,195)
(64,156)
(64,156)
(65,155)
(66,154)
(67,153)
(68,152)
(69,151)
(70,150)
(71,149)
(72,148)
(73,147)
(74,146)
(75,145)
(76,144)
(77,143)
(78,142)
(79,141)
(80,140)
(81,139)
(82,138)
(83,137)
(84,136)
(85,135)
(86,134)
(87,133)
(88,132)
(89,131)
(90,130)
(91,129)
(92,128)
(93,127)
(94,126)
(95,125)
(96,124)
(97,123)
(98,122)
(99,121)
(100,120)
(101,119)
(102,118)
(103,117)
(104,116)
(105,115)
(106,114)
(107,113)
(108,112)
(109,111)
(110,110)
(111,109)
(112,108)
(113,107)
(114,106)
(115,105)
(116,104)
(117,103)
(118,102)
(119,101)
(120,100)
(121,99)
(122,98)
(123,97)
(124,96)
(125,95)
(126,94)
(127,93)
(128,92)
(129,91)
(130,90)
(131,89)
(132,88)
(133,87)
(134,86)
(135,85)
(136,84)
(137,83)
(138,82)
(139,81)
(140,80)
(141,79)
(142,78)
(143,77)
(144,76)
(145,75)
(142,211)
(142,211)
(143,212)
(144,213)
(145,214)
(146,215)
(147,216)
(148,217)
(149,218)
(150,219)
(151,220)
(152,221)
(177,204)
(177,203)
(177,204)
(176,205)
(175,206)
(174,207)
(173,208)
(172,209)
(171,75)
(170,75)
(169,75)
(168,75)
(167,75)
(166,75)
(165,75)
(164,75)
(163,75)
(162,75)
(161,75)
(160,75)
(159,75)
(158,75)
(157,75)
(156,75)
(155,75)
(154,75)
(153,75)
(152,75)
(151,75)
(150,75)
(149,75)
(148,75)
(147,75)
(146,75)
(171,75)
(172,76)
(173,77)
(174,78)
(133,293)
(133,292)
(133,291)
(133,290)
(133,289)
(133,288)
(133,287)
(133,286)
(133,285)
(133,284)
(133,283)
(133,282)
(133,281)
(133,280)
(133,279)
(133,278)
(133,277)
(133,276)
(133,275)
(133,274)
(133,273)
(133,272)
(133,271)
(133,270)
(133,269)
(133,268)
(133,267)
(133,266)
(133,265)
(133,264)
(133,263)
(133,262)
(133,261)
(133,260)
(133,259)
(133,258)
(133,257)
(133,256)
(133,255)
(133,254)
(133,253)
(133,252)
(133,251)
(133,250)
(133,249)
(133,248)
(133,247)
(133,246)
(133,245)
(133,244)
(133,243)
(133,293)
(134,294)
(135,295)
(136,296)
(137,297)
(138,298)
(139,299)
(140,300)
(141,301)
(142,302)
(143,303)
(144,304)
(145,305)
(146,306)
(147,307)
(148,308)
(149,309)
(150,310)
(151,311)
(152,312)
(153,313)
(154,314)
(155,315)
(156,316)
(157,317)
(158,318)
(159,319)
(160,320)
(161,321)
(162,322)
(163,323)
(164,324)
(165,325)
(166,326)
(167,327)
(168,328)
(169,329)
(170,330)
(171,331)
(172,332)
(173,333)
(174,334)
(172,210)
(172,210)
(173,211)
(174,212)
(175,213)
(176,214)
(177,215)
(178,216)
(179,217)
(180,218)
(181,219)
(182,220)
(183,221)
(184,222)
(185,223)
(186,224)
(187,225)
(188,226)
(189,227)
(190,228)
(191,229)
(191,230)
(191,231)
(191,232)
(191,233)
(191,234)
(191,235)
(191,236)
(191,237)
(191,238)
(191,239)
(191,240)
(191,241)
(191,242)
(191,243)
(191,244)
(191,245)
(191,246)
(191,247)
(191,248)
(191,249)
(192,201)
(180,334)
(179,334)
(178,334)
(177,334)
(176,334)
(175,334)
(180,334)
(181,333)
(182,332)
(183,331)
(184,330)
(185,329)
(186,328)
(187,327)
(188,326)
(189,325)
(190,324)
(191,323)
(192,322)
(193,321)
(194,320)
(185,331)
(186,332)
(187,333)
(188,334)
(189,335)
(190,336)
(191,337)
(192,338)
(193,339)
(194,340)
(204,78)
(203,78)
(202,78)
(201,78)
(200,78)
(199,78)
(198,78)
(197,78)
(196,78)
(195,78)
(194,78)
(193,78)
(192,78)
(191,78)
(190,78)
(189,78)
(188,78)
(187,78)
(186,78)
(185,78)
(184,78)
(183,78)
(182,78)
(181,78)
(180,78)
(179,78)
(178,78)
(177,78)
(176,78)
(175,78)
(204,78)
(205,79)
(206,80)
(207,81)
(208,82)
(228,204)
(228,203)
(228,204)
(227,205)
(226,206)
(225,207)
(224,208)
(223,209)
(222,210)
(221,211)
(220,212)
(219,213)
(218,214)
(217,215)
(216,216)
(215,217)
(214,218)
(213,219)
(212,220)
(211,221)
(195,321)
(196,322)
(197,323)
(198,324)
(199,325)
(200,326)
(201,327)
(202,328)
(203,329)
(204,330)
(205,331)
(206,332)
(207,333)
(208,334)
(209,335)
(210,336)
(211,337)
(212,338)
(213,339)
(214,340)
(215,341)
(216,342)
(217,343)
(218,344)
(219,345)
(220,346)
(221,347)
(214,337)
(213,337)
(212,337)
(214,337)
(215,336)
(216,335)
(217,334)
(218,333)
(219,332)
(220,331)
(221,330)
(222,329)
(223,328)
(224,327)
(232,204)
(232,203)
(232,204)
(231,205)
(220,214)
(221,215)
(222,216)
(223,217)
(224,218)
(225,219)
(226,220)
(227,221)
(228,222)
(229,223)
(230,224)
(231,225)
(225,327)
(226,327)
(227,327)
(228,327)
(229,327)
(230,327)
(231,327)
(232,327)
(233,327)
(234,327)
(235,327)
(236,327)
(237,327)
(238,327)
(239,327)
(240,327)
(241,327)
(242,327)
(243,327)
(244,327)
(242,82)
(241,82)
(240,82)
(239,82)
(238,82)
(237,82)
(236,82)
(235,82)
(234,82)
(233,82)
(232,82)
(231,82)
(230,82)
(229,82)
(228,82)
(227,82)
(226,82)
(225,82)
(224,82)
(223,82)
(222,82)
(221,82)
(220,82)
(219,82)
(218,82)
(217,82)
(216,82)
(215,82)
(214,82)
(213,82)
(212,82)
(211,82)
(210,82)
(209,82)
(242,82)
(243,83)
(244,84)
(245,85)
(246,86)
(247,87)
(229,327)
(228,327)
(229,327)
(230,326)
(231,325)
(232,324)
(233,323)
(234,322)
(235,321)
(236,320)
(237,319)
(238,318)
(239,317)
(240,316)
(241,315)
(242,314)
(243,313)
(244,312)
(245,311)
(246,310)
(247,309)
(248,308)
(249,307)
(250,306)
(251,305)
(252,304)
(231,232)
(231,231)
(231,230)
(231,229)
(231,228)
(231,227)
(231,226)
(231,232)
(232,233)
(233,234)
(234,235)
(235,236)
(236,237)
(237,238)
(238,239)
(239,240)
(240,241)
(241,242)
(242,243)
(243,244)
(244,245)
(245,246)
(246,247)
(247,248)
(248,249)
(249,250)
(250,251)
(251,252)
(252,253)
(253,254)
(254,255)
(255,256)
(256,257)
(287,257)
(286,257)
(285,257)
(284,257)
(283,257)
(282,257)
(281,257)
(280,257)
(279,257)
(278,257)
(277,257)
(276,257)
(275,257)
(274,257)
(273,257)
(272,257)
(271,257)
(270,257)
(269,257)
(268,257)
(267,257)
(266,257)
(265,257)
(264,257)
(263,257)
(262,257)
(261,257)
(260,257)
(259,257)
(258,257)
(257,257)
(287,257)
(288,256)
(279,201)
(279,200)
(279,199)
(279,198)
(279,197)
(279,196)
(279,195)
(279,194)
(279,193)
(279,192)
(280,191)
(281,190)
(282,189)
(283,188)
(284,187)
(285,186)
(286,185)
(287,184)
(288,183)
(289,182)
(290,181)
(291,180)
(292,179)
(293,178)
(294,177)
(295,176)
(296,175)
(297,174)
(298,173)
(299,172)
(300,171)
(301,170)
(302,169)
(251,307)
(252,308)
(253,309)
(254,310)
(255,311)
(256,312)
(257,313)
(258,314)
(259,315)
(260,316)
(261,317)
(262,318)
(263,319)
(264,320)
(265,321)
(266,322)
(267,323)
(268,324)
(269,325)
(270,326)
(271,327)
(272,328)
(273,329)
(274,330)
(275,331)
(276,332)
(277,333)
(278,334)
(279,335)
(280,336)
(281,337)
(282,338)
(283,339)
(284,340)
(285,341)
(286,342)
(287,343)
(288,344)
(289,345)
(290,346)
(291,347)
(292,348)
(293,349)
(294,350)
(295,351)
(296,352)
(297,353)
(298,354)
(299,355)
(300,356)
(301,357)
(302,358)
(303,359)
(304,360)
(305,361)
(306,362)
(301,355)
(300,355)
(301,355)
(302,354)
(303,353)
(304,352)
(305,351)
(306,350)
(307,349)
(308,348)
(309,347)
(310,346)
(311,345)
(312,344)
(313,343)
(314,342)
(314,341)
(314,340)
(314,339)
(314,338)
(314,337)
(314,336)
(314,335)
(314,334)
(314,333)
(314,332)
(314,331)
(314,330)
(314,329)
(314,328)
(314,327)
(314,326)
(314,325)
(314,324)
(315,323)
(316,322)
(317,321)
(318,320)
(314,256)
(313,256)
(312,256)
(311,256)
(310,256)
(309,256)
(308,256)
(307,256)
(306,256)
(305,256)
(304,256)
(303,256)
(302,256)
(301,256)
(300,256)
(299,256)
(298,256)
(297,256)
(296,256)
(295,256)
(294,256)
(293,256)
(292,256)
(291,256)
(290,256)
(289,256)
(314,256)
(315,255)
(316,254)
(317,253)
(318,252)
(319,251)
(320,250)
(321,249)
(322,248)
(314,279)
(314,278)
(314,277)
(314,276)
(314,275)
(314,274)
(314,273)
(314,272)
(314,271)
(314,270)
(314,269)
(314,268)
(314,267)
(314,266)
(314,265)
(314,264)
(314,263)
(314,262)
(314,261)
(314,260)
(314,259)
(314,258)
(314,257)
(314,279)
(315,280)
(316,281)
(317,282)
(318,283)
(319,284)
(320,285)
(321,286)
(322,287)
(322,247)
(322,246)
(322,245)
(322,244)
(322,243)
(322,242)
(322,241)
(322,240)
(322,239)
(322,238)
(322,237)
(322,236)
(322,235)
(322,234)
(322,233)
(322,232)
(322,231)
(322,230)
(322,229)
(322,228)
(322,227)
(322,226)
(323,225)
(324,224)
(325,223)
(323,169)
(322,169)
(321,169)
(320,169)
(319,169)
(318,169)
(317,169)
(316,169)
(315,169)
(314,169)
(313,169)
(312,169)
(311,169)
(310,169)
(309,169)
(308,169)
(307,169)
(306,169)
(305,169)
(304,169)
(303,169)
(323,169)
(324,170)
(325,171)
(326,172)
(327,173)
(323,168)
(323,167)
(323,166)
(323,165)
(323,164)
(323,163)
(323,162)
(323,161)
(323,160)
(323,159)
(323,158)
(323,157)
(323,156)
(324,155)
(325,154)
(326,153)
(327,152)
(328,151)
(328,150)
(328,149)
(328,148)
(328,147)
(328,146)
(328,145)
(328,144)
(328,143)
(328,142)
(328,141)
(328,140)
(328,139)
(328,138)
(328,137)
(328,136)
(328,135)
(328,134)
(328,133)
(328,132)
(328,131)
(328,130)
(328,129)
(328,128)
(328,127)
(328,126)
(328,125)
(328,124)
(328,123)
(328,122)
(328,121)
(328,120)
(328,119)
(329,118)
(330,117)
(331,116)
(333,223)
(332,223)
(331,223)
(330,223)
(329,223)
(328,223)
(327,223)
(326,223)
(333,223)
(334,222)
(335,221)
(336,220)
(337,219)
(338,218)
(339,217)
(340,216)
(341,215)
(342,214)
(343,213)
(344,212)
(345,211)
(345,173)
(344,173)
(343,173)
(342,173)
(341,173)
(340,173)
(339,173)
(338,173)
(337,173)
(336,173)
(335,173)
(334,173)
(333,173)
(332,173)
(331,173)
(330,173)
(329,173)
(328,173)
(345,173)
(346,172)
(347,171)
(339,151)
(338,151)
(337,151)
(336,151)
(335,151)
(334,151)
(333,151)
(332,151)
(331,151)
(330,151)
(329,151)
(339,151)
(340,150)
(341,149)
(342,148)
(343,147)
(344,146)
(345,145)
(346,144)
(347,143)
(348,142)
(334,116)
(333,116)
(332,116)
(334,116)
(335,115)
(336,114)
(337,113)
(338,112)
(339,111)
(340,110)
(341,109)
(342,108)
(343,107)
(344,106)
(345,105)
(346,104)
(347,103)
(348,102)
(349,101)
(350,100)
(351,99)
(342,110)
(343,111)
(344,112)
(345,113)
(346,114)
(347,115)
(348,116)
(349,117)
(350,118)
(351,119)
(363,211)
(362,211)
(361,211)
(360,211)
(359,211)
(358,211)
(357,211)
(356,211)
(355,211)
(354,211)
(353,211)
(352,211)
(351,211)
(350,211)
(349,211)
(348,211)
(347,211)
(346,211)
(363,211)
(364,212)
(365,213)
(366,214)
(367,215)
(368,216)
(369,217)
(370,218)
(371,219)
(372,220)
(373,221)
(374,222)
(375,223)
(376,224)
(377,225)
(378,226)
(379,227)
(380,228)
(381,229)
(382,230)
(383,231)
(384,232)
(385,233)
(386,234)
(387,235)
(388,236)
(389,237)
(390,238)
(391,239)
(392,240)
(393,241)
(394,242)
(395,243)
(396,244)
(397,245)
(398,246)
(399,247)
(400,248)
(401,249)
(402,250)
(403,251)
(404,252)
(405,253)
(406,254)
(407,255)
(408,256)
(409,257)
(410,258)
(411,259)
(412,260)
(413,261)
(414,262)
(415,263)
(416,264)
(417,265)
(418,266)
(419,267)
(420,268)
(421,269)
(422,270)
(442,270)
(441,270)
(440,270)
(439,270)
(438,270)
(437,270)
(436,270)
(435,270)
(434,270)
(433,270)
(432,270)
(431,270)
(430,270)
(429,270)
(428,270)
(427,270)
(426,270)
(425,270)
(424,270)
(423,270)
(442,270)
(443,269)
(444,268)
(445,267)
(446,266)
(447,265)
(448,264)
(449,263)
(450,262)
(451,261)
(452,260)
(471,260)
(470,260)
(469,260)
(468,260)
(467,260)
(466,260)
(465,260)
(464,260)
(463,260)
(462,260)
(461,260)
(460,260)
(459,260)
(458,260)
(457,260)
(456,260)
(455,260)
(454,260)
(453,260)
(471,260)
(472,259)
(473,258)
(474,257)
(475,256)
(476,255)
(477,254)
(478,253)
(479,252)
(480,251)
(481,250)
(482,249)
(483,248)
(484,247)
(485,246)
(486,245)
(479,254)
(480,255)
(481,256)
(482,257)
(483,258)
(484,259)
(485,260)
(486,261)
(487,262)
(488,263)
(489,264)
(490,265)
(495,265)
(494,265)
(493,265)
(492,265)
(491,265)
(495,265)
(496,266)
(497,267)
(498,268)
(499,269)
(500,270)
(501,271)
(502,272)
(503,273)
(504,274)
(505,275)
(506,276)
(507,277)
(508,278)
(509,279)
(510,280)
(511,281)
(512,282)
(513,283)
(514,284)
(39,216)
(38,215)
(37,214)
(36,213)
(35,212)
(34,211)
(33,210)
(32,209)
(31,208)
(30,207)
(29,206)
(120,98)
(119,97)
(118,96)
(117,95)
(116,94)
(115,93)
(114,92)
(113,91)
(112,90)
(111,89)
(110,88)
(109,87)
(108,86)
(107,85)
(106,84)
(208,85)
(208,84)
(208,83)
(208,85)
(209,86)
(210,87)
(211,88)
(212,89)
(213,90)
(214,91)
(215,92)
(216,93)
(217,94)
(218,95)
(219,96)
(220,97)
(221,98)
(222,99)
(223,100)
(224,101)
(410,260)
(410,259)
(410,260)
(409,261)
(408,262)
(407,263)
(406,264)
(405,265)
(404,266)
(403,267)
(402,268)
(266,87)
(265,87)
(264,87)
(263,87)
(262,87)
(261,87)
(260,87)
(259,87)
(258,87)
(257,87)
(256,87)
(255,87)
(254,87)
(253,87)
(252,87)
(251,87)
(250,87)
(249,87)
(248,87)
(266,87)
(267,88)
(268,89)
(269,90)
(270,91)
(271,92)
(272,93)
(273,94)
(274,95)
(275,96)
(276,97)
(277,98)
(278,99)
(279,100)
(280,101)
(281,102)
(282,103)
(283,104)
(284,105)
(285,106)
(286,107)
(174,86)
(174,85)
(174,84)
(174,83)
(174,82)
(174,81)
(174,80)
(174,79)
(174,86)
(175,87)
(176,88)
(177,89)
(178,90)
(179,91)
(180,92)
(181,93)
(182,94)
(183,95)
(184,96)
(185,97)
(237,241)
(237,240)
(237,239)
(237,241)
(236,242)
(235,243)
(234,244)
(233,245)
(232,246)
(231,247)
(230,248)
(229,249)
(228,250)
(227,251)
(226,252)
(225,253)
(39,134)
(39,133)
(39,134)
(38,135)
(37,136)
(36,137)
(35,138)
(34,139)
(33,140)
(32,141)
(31,142)
(30,143)
(302,168)
(302,167)
(302,166)
(302,165)
(302,164)
(302,163)
(302,162)
(302,161)
(302,160)
(302,159)
(302,158)
(302,157)
(302,156)
(302,155)
(302,154)
(302,153)
(302,152)
(302,151)
(302,150)
(303,149)
(88,183)
(88,182)
(88,183)
(87,184)
(86,185)
(85,186)
(84,187)
(83,188)
(82,189)
(266,88)
(266,88)
(267,89)
(391,236)
(390,236)
(389,236)
(391,236)
(392,235)
(393,234)
(394,233)
(395,232)
(396,231)
(397,230)
(398,229)
(399,228)
(400,227)
(401,226)
(402,225)
(403,224)
(404,223)
(405,222)
(406,221)
(407,220)
(408,219)
(409,218)
(410,217)
(411,216)
(412,215)
(413,214)
(414,213)
(415,212)
(416,211)
(417,210)
(418,209)
(419,208)
(420,207)
(421,206)
(422,205)
(423,204)
(424,203)
(425,202)
(426,201)
(427,200)
(428,199)
(429,198)
(430,197)
(431,196)
(432,195)
(433,194)
(434,193)
(435,192)
(436,191)
(437,190)
(438,189)
(439,188)
(440,187)
(441,186)
(442,185)
(443,184)
(444,183)
(445,182)
(446,181)
(447,180)
(448,179)
(449,178)
(450,177)
(451,176)
(452,175)
(453,174)
(454,173)
(455,172)
(456,171)
(457,170)
(458,169)
(459,168)
(460,167)
(461,166)
(462,165)
(463,164)
(464,163)
(465,162)
(466,161)
(467,160)
(468,159)
(469,158)
(470,157)
(471,156)
(472,155)
(473,154)
(474,153)
(475,152)
(476,151)
(477,150)
(478,149)
(479,148)
(480,147)
(481,146)
(482,145)
(483,144)
(484,143)
(485,142)
(486,141)
(487,140)
(488,139)
(489,138)
(490,137)
(491,136)
(492,135)
(493,134)
(494,133)
(495,132)
(496,131)
(497,130)
(498,129)
(499,128)
(500,127)
(501,126)
(502,125)
(503,124)
(504,123)
(505,122)
(506,121)
(507,120)
(508,119)
(509,118)
(510,117)
(212,201)
(279,225)
(279,224)
(279,223)
(279,222)
(279,221)
(279,220)
(279,219)
(279,218)
(279,217)
(279,216)
(279,215)
(279,214)
(279,213)
(279,212)
(279,211)
(279,210)
(279,209)
(279,208)
(279,207)
(279,206)
(279,205)
(279,204)
(279,203)
(279,225)
(278,226)
(277,227)
(276,228)
(395,246)
(395,245)
(395,244)
(395,246)
(394,247)
(393,248)
(392,249)
(391,250)
(390,251)
(389,252)
(388,253)
(387,254)
(386,255)
(385,256)
(384,257)
(383,258)
(382,259)
(381,260)
(380,261)
(379,262)
(378,263)
(377,264)
(342,106)
(341,105)
(340,104)
(339,103)
(338,102)
(337,101)
(336,100)
(335,99)
(334,98)
(333,97)
(332,96)
(293,180)
(294,181)
(295,182)
(296,183)
(297,184)
(298,185)
(299,186)
(300,187)
(301,188)
(302,189)
(303,190)
(304,191)
(305,192)
(272,326)
(271,326)
(272,326)
(273,325)
(274,324)
(275,323)
(276,322)
(277,321)
(278,320)
(279,319)
(280,318)
(281,317)
(282,316)
(283,315)
(284,314)
(285,313)
(286,312)
(287,311)
(288,310)
(136,86)
(137,87)
(138,88)
(139,89)
(140,90)
(141,91)
(142,92)
(143,93)
(269,204)
(269,203)
(269,204)
(268,205)
(267,206)
(266,207)
(265,208)
(264,209)
(263,210)
(262,211)
(261,212)
(260,213)
(259,214)
(258,215)
(345,185)
(345,184)
(345,183)
(345,182)
(345,181)
(345,180)
(345,179)
(345,178)
(345,177)
(345,176)
(345,175)
(345,174)
(345,185)
(346,186)
(347,187)
(348,188)
(349,189)
(486,244)
(486,243)
(487,242)
(488,241)
(489,240)
(490,239)
(491,238)
(492,237)
(493,236)
(494,235)
(495,234)
(496,233)
(497,232)
(498,231)
(499,230)
(500,229)
(501,228)
(129,201)
(128,200)
(127,199)
(126,198)
(125,197)
(124,196)
(123,195)
(122,194)
(121,193)
(336,222)
(337,223)
(338,224)
(339,225)
(340,226)
(341,227)
(342,228)
(343,229)
(344,230)
(345,231)
(278,209)
(244,242)
(243,242)
(242,242)
(244,242)
(245,241)
(246,240)
(247,239)
(248,238)
(249,237)
(250,236)
(251,235)
(252,234)
(506,122)
(506,122)
(507,123)
(508,124)
(509,125)
(510,126)
(511,127)
(512,128)
(513,129)
(514,130)
(515,131)
(516,132)
(517,133)
(518,134)
(519,135)
(520,136)
(521,137)
(521,160)
(521,159)
(521,158)
(521,157)
(521,156)
(521,155)
(521,154)
(521,153)
(521,152)
(521,151)
(521,150)
(521,149)
(521,148)
(521,147)
(521,146)
(521,145)
(521,144)
(521,143)
(521,142)
(521,141)
(521,140)
(521,139)
(521,138)
(521,160)
(522,161)
(523,162)
(524,163)
(525,164)
(526,165)
(527,166)
(528,167)
(529,168)
(530,169)
(531,170)
(532,171)
(533,172)
(534,173)
(144,242)
(143,242)
(142,242)
(141,242)
(140,242)
(139,242)
(138,242)
(137,242)
(136,242)
(135,242)
(134,242)
(144,242)
(145,243)
(146,244)
(147,245)
(148,246)
(149,247)
(54,149)
(54,148)
(54,149)
(53,150)
(52,151)
(51,152)
(50,153)
(49,154)
(48,155)
(47,156)
(46,157)
(45,158)
(44,159)
(43,160)
(42,161)
(41,162)
(40,163)
(39,164)
(38,165)
(37,166)
(36,167)
(35,168)
(34,169)
(33,170)
(32,171)
(31,172)
(30,173)
(500,272)
(500,271)
(500,272)
(499,273)
(498,274)
(497,275)
(496,276)
(495,277)
(494,278)
(493,279)
(492,280)
(491,281)
(490,282)
(489,283)
(488,284)
(43,62)
(42,62)
(41,62)
(40,62)
(39,62)
(38,62)
(37,62)
(36,62)
(35,62)
(34,62)
(33,62)
(32,62)
(43,62)
(44,63)
(45,64)
(46,65)
(47,66)
(48,67)
(49,68)
(50,69)
(51,70)
(52,71)
(53,72)
(54,73)
(55,74)
(56,75)
(57,76)
(58,77)
(59,78)
(60,79)
(61,80)
(62,81)
(63,82)
(64,83)
(65,84)
(66,85)
(67,86)
(241,328)
(242,329)
(243,330)
(244,331)
(245,332)
(246,333)
(247,334)
(248,335)
(249,336)
(250,337)
(251,338)
(252,339)
(253,340)
(254,341)
(166,324)
(165,324)
(166,324)
(167,323)
(168,322)
(169,321)
(170,320)
(171,319)
(172,318)
(173,317)
(174,316)
(175,315)
(176,314)
(228,83)
(228,84)
(108,240)
(107,240)
(106,240)
(105,240)
(104,240)
(103,240)
(102,240)
(101,240)
(100,240)
(99,240)
(98,240)
(108,240)
(109,241)
(110,242)
(111,243)
(112,244)
(281,334)
(280,334)
(279,334)
(281,334)
(282,333)
(283,332)
(284,331)
(286,109)
(286,108)
(286,109)
(287,110)
(288,111)
(289,112)
(290,113)
(291,114)
(292,115)
(293,116)
(294,117)
(295,118)
(296,119)
(297,120)
(298,121)
(299,122)
(300,123)
(301,124)
(302,125)
(303,126)
(304,127)
(305,128)
(306,129)
(292,113)
(291,113)
(292,113)
(293,112)
(294,111)
(295,110)
(296,109)
(297,108)
(298,107)
(299,106)
(300,105)
(301,104)
(302,103)
(303,102)
(304,101)
(305,100)
(306,99)
(307,98)
(308,97)
(309,96)
(310,95)
(311,94)
(224,252)
(223,251)
(222,250)
(221,249)
(220,248)
(219,247)
(218,246)
(217,245)
(216,244)
(215,243)
(214,242)
(213,241)
(212,240)
(211,239)
(212,92)
(212,91)
(212,90)
(212,92)
(211,93)
(210,94)
(209,95)
(208,96)
(207,97)
(206,98)
(205,99)
(204,100)
(277,96)
(276,96)
(277,96)
(278,95)
(279,94)
(280,93)
(281,92)
(282,91)
(283,90)
(284,89)
(285,88)
(286,87)
(287,86)
(80,86)
(79,86)
(78,86)
(77,86)
(76,86)
(75,86)
(74,86)
(73,86)
(72,86)
(71,86)
(70,86)
(69,86)
(68,86)
(80,86)
(81,85)
(82,84)
(83,83)
(84,82)
(272,96)
(272,95)
(272,94)
(272,96)
(271,97)
(270,98)
(269,99)
(268,100)
(267,101)
(266,102)
(265,103)
(264,104)
(263,105)
(320,248)
(319,247)
(318,246)
(317,245)
(316,244)
(315,243)
(314,242)
(313,241)
(312,240)
(311,239)
(310,238)
(309,237)
(308,236)
(307,235)
(306,234)
(305,233)
(304,232)
(303,231)
(302,230)
(124,94)
(123,93)
(122,92)
(344,185)
(343,185)
(342,185)
(341,185)
(340,185)
(339,185)
(338,185)
(337,186)
(336,187)
(335,188)
(334,189)
(333,190)
(332,191)
(331,192)
(330,193)
(252,303)
(252,302)
(252,301)
(252,300)
(252,299)
(252,298)
(252,297)
(252,296)
(253,295)
(254,294)
(255,293)
(256,292)
(257,291)
(258,290)
(259,289)
(260,288)
(261,287)
(262,286)
(263,285)
(264,284)
(54,201)
(53,200)
(52,199)
(51,198)
(50,197)
(49,196)
(48,195)
(47,194)
(46,193)
(45,192)
(44,191)
(255,292)
(254,291)
(253,290)
(252,289)
(251,288)
(250,287)
(249,286)
(248,285)
(247,284)
(308,362)
(307,362)
(308,362)
(309,363)
(310,364)
(311,365)
(312,366)
(313,367)
(314,368)
(315,369)
(316,370)
(317,371)
(76,171)
(76,170)
(76,171)
(75,172)
(74,173)
(73,174)
(72,175)
(71,176)
(70,177)
(69,178)
(68,179)
(67,180)
(66,181)
(65,182)
(64,183)
(32,116)
(31,116)
(32,116)
(33,115)
(34,114)
(35,113)
(36,112)
(37,111)
(38,110)
(39,109)
(313,278)
(312,277)
(311,276)
(310,275)
(309,274)
(308,273)
(64,232)
(63,232)
(64,232)
(65,233)
(66,234)
(67,235)
(68,236)
(69,237)
(70,238)
(71,239)
(72,240)
(73,241)
(178,218)
(178,217)
(178,218)
(177,219)
(176,220)
(175,221)
(174,222)
(173,223)
(172,224)
(409,255)
(408,255)
(409,255)
(410,254)
(411,253)
(412,252)
(413,251)
(414,250)
(415,249)
(416,248)
(254,359)
(254,358)
(254,357)
(254,356)
(254,355)
(254,354)
(254,353)
(254,352)
(254,351)
(254,350)
(254,349)
(254,348)
(254,347)
(254,346)
(254,345)
(254,344)
(254,343)
(254,342)
(254,359)
(253,360)
(252,361)
(491,239)
(491,239)
(492,240)
(493,241)
(494,242)
(495,243)
(496,244)
(497,245)
(498,246)
(499,247)
(500,248)
(325,248)
(324,248)
(323,248)
(325,248)
(326,249)
(327,250)
(328,251)
(329,252)
(330,253)
(331,254)
(332,255)
(84,81)
(84,80)
(84,79)
(84,78)
(84,77)
(84,76)
(84,75)
(84,74)
(84,73)
(84,72)
(84,71)
(84,70)
(84,69)
(84,68)
(84,67)
(84,66)
(84,65)
(85,64)
(86,63)
(87,62)
(88,61)
(330,198)
(330,197)
(330,196)
(330,195)
(330,194)
(330,198)
(329,199)
(328,200)
(327,201)
(326,202)
(325,203)
(307,273)
(306,273)
(305,274)
(304,275)
(303,276)
(302,277)
(301,278)
(300,279)
(299,280)
(298,281)
(297,282)
(296,283)
(295,284)
(294,285)
(293,286)
(292,287)
(291,288)
(290,289)
(289,290)
(224,347)
(223,347)
(222,347)
(224,347)
(225,348)
(226,349)
(227,350)
(228,351)
(229,352)
(230,353)
(231,354)
(172,235)
(172,234)
(172,233)
(172,232)
(172,231)
(172,230)
(172,229)
(172,228)
(172,227)
(172,226)
(172,225)
(172,235)
(171,236)
(170,237)
(247,102)
(247,101)
(247,100)
(247,99)
(247,98)
(247,97)
(247,96)
(247,95)
(247,94)
(247,93)
(247,92)
(247,91)
(247,90)
(247,89)
(247,88)
(247,102)
(246,103)
(245,104)
(44,62)
(45,62)
(46,62)
(322,295)
(322,294)
(322,293)
(322,292)
(322,291)
(322,290)
(322,289)
(322,288)
(322,295)
(323,296)
(324,297)
(325,298)
(326,299)
(191,79)
(383,234)
(383,233)
(383,232)
(383,234)
(382,235)
(381,236)
(380,237)
(379,238)
(378,239)
(377,240)
(376,241)
(375,242)
(374,243)
(373,244)
(259,318)
(259,317)
(259,316)
(259,318)
(258,319)
(257,320)
(107,61)
(106,61)
(105,61)
(104,61)
(103,61)
(102,61)
(101,61)
(100,61)
(99,61)
(98,61)
(97,61)
(96,61)
(95,61)
(94,61)
(93,61)
(92,61)
(91,61)
(90,61)
(89,61)
(107,61)
(108,62)
(509,277)
(508,277)
(509,277)
(510,276)
(511,275)
(512,274)
(513,273)
(514,272)
(515,271)
(516,270)
(517,269)
(518,268)
(519,267)
(520,266)
(521,265)
(522,264)
(523,263)
(283,341)
(283,340)
(283,341)
(282,342)
(281,343)
(280,344)
(279,345)
(278,346)
(277,347)
(276,348)
(275,349)
(519,284)
(518,284)
(517,284)
(516,284)
(515,284)
(519,284)
(520,285)
(521,286)
(522,287)
(523,288)
(524,289)
(294,353)
(294,352)
(294,351)
(294,353)
(293,354)
(292,355)
(291,356)
(290,357)
(289,358)
(288,359)
(287,360)
(286,361)
(285,362)
(284,363)
(283,364)
(282,365)
(394,244)
(394,243)
(394,244)
(393,245)
(43,216)
(185,201)
(184,200)
(183,199)
(182,198)
(181,197)
(180,196)
(179,195)
(178,194)
(177,193)
(176,192)
(175,191)
(174,190)
(173,189)
(281,225)
(280,225)
(281,225)
(282,224)
(283,223)
(284,222)
(285,221)
(286,220)
(287,219)
(288,218)
(289,217)
(290,216)
(49,109)
(48,109)
(47,109)
(46,109)
(45,109)
(44,109)
(43,109)
(42,109)
(41,109)
(40,109)
(49,109)
(50,108)
(51,107)
(52,106)
(53,105)
(49,141)
(300,216)
(299,216)
(298,216)
(297,216)
(296,216)
(295,216)
(294,216)
(293,216)
(292,216)
(291,216)
(300,216)
(301,215)
(302,214)
(303,213)
(304,212)
(346,145)
(346,145)
(347,146)
(348,147)
(349,148)
(350,149)
(351,150)
(352,151)
(45,136)
(44,136)
(45,136)
(46,135)
(47,134)
(48,133)
(49,132)
(50,131)
(51,130)
(52,129)
(53,128)
(54,127)
(57,73)
(56,73)
(55,73)
(57,73)
(58,72)
(59,71)
(60,70)
(61,69)
(62,68)
(63,67)
(64,66)
(65,65)
(66,64)
(67,63)
(68,62)
(65,204)
(65,204)
(66,205)
(67,206)
(68,207)
(69,208)
(70,209)
(71,210)
(72,211)
(177,92)
(177,91)
(177,90)
(177,92)
(176,93)
(175,94)
(174,95)
(173,96)
(172,97)
(42,163)
(43,164)
(44,165)
(45,166)
(46,167)
(47,168)
(48,169)
(49,170)
(448,262)
(447,261)
(446,260)
(445,259)
(444,258)
(443,257)
(442,256)
(441,255)
(440,254)
(439,253)
(438,252)
(437,251)
(436,250)
(435,249)
(508,248)
(507,248)
(506,248)
(505,248)
(504,248)
(503,248)
(502,248)
(501,248)
(508,248)
(509,247)
(510,246)
(511,245)
(512,244)
(302,105)
(303,106)
(304,107)
(305,108)
(306,109)
(307,110)
(308,111)
(309,112)
(310,113)
(311,114)
(29,101)
(28,100)
(27,99)
(26,98)
(150,200)
(149,200)
(150,200)
(151,199)
(257,256)
(256,256)
(257,256)
(258,255)
(259,254)
(260,253)
(261,252)
(262,251)
(263,250)
(264,249)
(265,248)
(266,247)
(267,246)
(268,245)
(269,244)
(340,255)
(339,255)
(338,255)
(337,255)
(336,255)
(335,255)
(334,255)
(333,255)
(340,255)
(341,254)
(342,253)
(343,252)
(344,251)
(29,205)
(29,204)
(29,203)
(29,202)
(29,201)
(29,200)
(29,199)
(29,198)
(29,197)
(29,196)
(29,195)
(29,194)
(30,193)
(532,174)
(532,173)
(532,172)
(532,174)
(531,175)
(530,176)
(529,177)
(528,178)
(527,179)
(526,180)
(525,181)
(524,182)
(523,183)
(522,184)
(521,185)
(520,186)
(519,187)
(141,77)
(140,76)
(139,75)
(138,74)
(137,73)
(136,72)
(135,71)
(134,70)
(133,69)
(132,68)
(131,67)
(130,66)
(129,65)
(128,64)
(170,248)
(170,247)
(170,246)
(170,245)
(170,244)
(170,243)
(170,242)
(170,241)
(170,240)
(170,239)
(170,238)
(170,248)
(169,249)
(194,343)
(194,342)
(194,341)
(194,343)
(195,344)
(196,345)
(197,346)
(198,347)
(430,271)
(430,272)
(161,76)
(287,263)
(287,262)
(287,261)
(287,260)
(287,259)
(287,258)
(287,263)
(288,264)
(289,265)
(278,227)
(278,227)
(279,228)
(280,229)
(281,230)
(282,231)
(283,232)
(284,233)
(285,234)
(286,235)
(287,236)
(288,237)
(289,238)
(290,239)
(294,287)
(295,288)
(296,289)
(297,290)
(298,291)
(299,292)
(300,293)
(174,341)
(174,340)
(174,339)
(174,338)
(174,337)
(174,336)
(174,335)
(174,341)
(173,342)
(172,343)
(268,284)
(267,284)
(266,284)
(265,284)
(268,284)
(269,285)
(270,286)
(271,287)
(272,288)
(273,289)
(274,290)
(275,291)
(276,292)
(307,255)
(306,254)
(305,253)
(304,252)
(303,251)
(302,250)
(313,345)
(314,346)
(315,347)
(316,348)
(317,349)
(318,350)
(319,351)
(251,254)
(251,253)
(251,254)
(250,255)
(249,256)
(248,257)
(247,258)
(246,259)
(245,260)
(280,316)
(279,315)
(278,314)
(277,313)
(276,312)
(275,311)
(43,158)
(42,157)
(41,156)
(40,155)
(39,154)
(38,153)
(332,265)
(332,264)
(332,263)
(332,262)
(332,261)
(332,260)
(332,259)
(332,258)
(332,257)
(332,256)
(332,265)
(331,266)
(330,267)
(327,248)
(326,248)
(327,248)
(328,247)
(329,246)
(330,245)
(331,244)
(332,243)
(333,242)
(192,242)
(193,243)
(194,244)
(195,245)
(196,246)
(197,247)
(198,248)
(199,249)
(200,250)
(201,251)
(202,252)
(236,238)
(236,239)
(271,329)
(271,328)
(271,329)
(270,330)
(269,331)
(519,200)
(519,199)
(519,198)
(519,197)
(519,196)
(519,195)
(519,194)
(519,193)
(519,192)
(519,191)
(519,190)
(519,189)
(519,188)
(519,200)
(518,201)
(517,202)
(516,203)
(515,204)
(200,324)
(199,324)
(200,324)
(201,323)
(202,322)
(96,187)
(95,187)
(96,187)
(97,186)
(98,185)
(99,184)
(100,183)
(101,182)
(102,181)
(196,204)
(196,203)
(196,204)
(195,205)
(194,206)
(193,207)
(192,208)
(191,209)
(273,259)
(273,258)
(273,259)
(272,260)
(271,261)
(270,262)
(269,263)
(268,264)
(240,204)
(240,203)
(240,204)
(239,205)
(255,294)
(255,294)
(256,295)
(257,296)
(258,297)
(259,298)
(260,299)
(261,300)
(262,301)
(263,302)
(499,268)
(500,268)
(262,201)
(261,200)
(260,199)
(259,198)
(372,245)
(371,246)
(370,247)
(369,248)
(368,249)
(367,250)
(366,251)
(365,252)
(364,253)
(363,254)
(362,255)
(33,168)
(32,167)
(31,166)
(30,165)
(29,164)
(504,121)
(503,120)
(502,119)
(501,118)
(500,117)
(499,116)
(498,115)
(497,114)
(496,113)
(495,112)
(494,111)
(493,110)
(492,109)
185
(29,228)
(30,123)
(31,62)
(31,82)
(62,232)
(65,203)
(92,220)
(97,240)
(104,199)
(112,219)
(132,220)
(133,242)
(143,195)
(145,75)
(152,221)
(172,209)
(174,78)
(174,334)
(191,229)
(191,249)
(192,201)
(194,320)
(194,340)
(208,82)
(211,221)
(221,347)
(224,327)
(231,205)
(231,225)
(244,327)
(247,87)
(252,304)
(256,257)
(288,256)
(302,169)
(306,362)
(314,342)
(318,320)
(322,248)
(322,287)
(325,223)
(327,173)
(328,151)
(331,116)
(345,211)
(347,171)
(348,142)
(351,99)
(351,119)
(422,270)
(452,260)
(486,245)
(490,265)
(514,284)
(29,206)
(106,84)
(224,101)
(402,268)
(286,107)
(185,97)
(225,253)
(30,143)
(303,149)
(82,189)
(267,89)
(510,117)
(212,201)
(276,228)
(377,264)
(332,96)
(305,192)
(288,310)
(143,93)
(258,215)
(349,189)
(501,228)
(121,193)
(345,231)
(278,209)
(252,234)
(521,137)
(534,173)
(149,247)
(30,173)
(488,284)
(67,86)
(254,341)
(176,314)
(228,84)
(112,244)
(284,331)
(306,129)
(311,94)
(211,239)
(204,100)
(287,86)
(84,82)
(263,105)
(302,230)
(122,92)
(330,193)
(264,284)
(44,191)
(247,284)
(317,371)
(64,183)
(39,109)
(308,273)
(73,241)
(172,224)
(416,248)
(252,361)
(500,248)
(332,255)
(88,61)
(325,203)
(289,290)
(231,354)
(170,237)
(245,104)
(46,62)
(326,299)
(191,79)
(373,244)
(257,320)
(108,62)
(523,263)
(275,349)
(524,289)
(282,365)
(393,245)
(43,216)
(173,189)
(290,216)
(53,105)
(49,141)
(304,212)
(352,151)
(54,127)
(68,62)
(72,211)
(328,131)
(172,97)
(49,170)
(435,249)
(512,244)
(311,114)
(26,98)
(151,199)
(269,244)
(344,251)
(30,193)
(519,187)
(128,64)
(169,249)
(198,347)
(430,272)
(161,76)
(289,265)
(290,239)
(300,293)
(172,343)
(276,292)
(302,250)
(319,351)
(245,260)
(275,311)
(38,153)
(330,267)
(333,242)
(202,252)
(236,239)
(269,331)
(515,204)
(202,322)
(102,181)
(191,209)
(268,264)
(239,205)
(263,302)
(500,268)
(259,198)
(362,255)
(29,164)
(492,109)
