5972
(120,89)
(120,88)
(120,87)
(120,86)
(120,85)
(120,84)
(120,83)
(120,82)
(120,81)
(120,80)
(120,79)
(120,78)
(120,77)
(120,76)
(120,75)
(120,74)
(120,73)
(120,72)
(120,71)
(120,70)
(120,69)
(120,68)
(120,67)
(120,66)
(120,65)
(120,64)
(120,63)
(120,62)
(120,61)
(120,60)
(120,59)
(120,58)
(120,57)
(120,56)
(120,55)
(120,54)
(120,53)
(120,52)
(120,51)
(120,50)
(120,49)
(120,48)
(120,47)
(120,46)
(120,45)
(120,44)
(120,43)
(120,42)
(120,41)
(120,40)
(120,39)
(120,38)
(120,37)
(120,36)
(120,35)
(120,34)
(120,33)
(120,32)
(120,31)
(120,30)
(120,29)
(120,28)
(120,27)
(120,26)
(120,25)
(120,24)
(120,91)
(120,92)
(120,93)
(120,94)
(120,95)
(120,96)
(120,97)
(120,98)
(120,99)
(120,100)
(120,101)
(120,102)
(120,103)
(120,104)
(120,105)
(120,106)
(120,107)
(120,108)
(120,109)
(120,110)
(120,111)
(120,112)
(120,113)
(120,114)
(120,115)
(120,116)
(120,117)
(120,118)
(120,119)
(120,120)
(120,121)
(120,122)
(120,123)
(120,124)
(120,125)
(120,126)
(120,127)
(120,128)
(120,129)
(120,130)
(120,131)
(120,132)
(120,133)
(120,134)
(120,135)
(120,136)
(120,137)
(120,138)
(120,139)
(120,140)
(120,141)
(120,142)
(120,143)
(120,144)
(120,145)
(120,146)
(120,147)
(120,148)
(120,149)
(120,150)
(120,151)
(120,152)
(120,153)
(119,30)
(118,30)
(117,30)
(116,30)
(115,30)
(114,30)
(113,30)
(112,30)
(111,30)
(110,30)
(109,30)
(108,30)
(107,30)
(106,30)
(105,30)
(104,30)
(103,30)
(102,30)
(101,30)
(100,30)
(99,30)
(98,30)
(97,30)
(96,30)
(95,30)
(94,30)
(93,30)
(92,30)
(91,30)
(90,30)
(89,30)
(88,30)
(87,30)
(86,30)
(85,30)
(84,30)
(83,30)
(82,30)
(81,30)
(80,30)
(79,30)
(78,30)
(77,30)
(76,30)
(75,30)
(74,30)
(73,30)
(72,30)
(71,30)
(70,30)
(69,30)
(68,30)
(67,30)
(66,30)
(65,30)
(64,30)
(121,30)
(122,30)
(123,30)
(124,30)
(125,30)
(126,30)
(127,30)
(128,30)
(129,30)
(130,30)
(131,30)
(132,30)
(133,30)
(134,30)
(135,30)
(136,30)
(137,30)
(138,30)
(139,30)
(140,30)
(141,30)
(142,30)
(143,30)
(144,30)
(145,30)
(146,30)
(147,30)
(148,30)
(149,30)
(150,30)
(151,30)
(152,30)
(153,30)
(154,30)
(155,30)
(156,30)
(157,30)
(121,31)
(122,31)
(123,31)
(124,31)
(125,31)
(126,31)
(127,31)
(128,31)
(129,31)
(130,31)
(131,31)
(132,31)
(133,31)
(134,31)
(135,31)
(136,31)
(137,31)
(138,31)
(139,31)
(140,31)
(141,31)
(142,31)
(143,31)
(144,31)
(145,31)
(146,31)
(147,31)
(148,31)
(149,31)
(150,31)
(151,31)
(152,31)
(153,31)
(154,31)
(155,31)
(156,31)
(157,31)
(158,31)
(159,31)
(160,31)
(161,31)
(162,31)
(163,31)
(164,31)
(165,31)
(166,31)
(167,31)
(168,31)
(169,31)
(170,31)
(171,31)
(172,31)
(173,31)
(174,31)
(175,31)
(176,31)
(119,43)
(118,43)
(117,43)
(116,43)
(115,43)
(114,43)
(113,43)
(112,43)
(111,43)
(110,43)
(109,43)
(108,43)
(107,43)
(106,43)
(105,43)
(104,43)
(103,43)
(102,43)
(101,43)
(100,43)
(99,43)
(98,43)
(97,43)
(96,43)
(95,43)
(94,43)
(93,43)
(92,43)
(91,43)
(90,43)
(89,43)
(88,43)
(87,43)
(86,43)
(85,43)
(84,43)
(83,43)
(82,43)
(81,43)
(80,43)
(79,43)
(78,43)
(77,43)
(76,43)
(75,43)
(74,43)
(73,43)
(72,43)
(71,43)
(70,43)
(69,43)
(68,43)
(67,43)
(66,43)
(65,43)
(64,43)
(63,43)
(62,43)
(61,43)
(60,43)
(59,43)
(58,43)
(57,43)
(56,43)
(55,43)
(54,43)
(53,43)
(52,43)
(51,43)
(50,43)
(49,43)
(48,43)
(121,44)
(122,44)
(123,44)
(124,44)
(125,44)
(126,44)
(127,44)
(128,44)
(129,44)
(130,44)
(131,44)
(132,44)
(133,44)
(134,44)
(135,44)
(136,44)
(137,44)
(138,44)
(139,44)
(140,44)
(141,44)
(142,44)
(143,44)
(144,44)
(145,44)
(146,44)
(147,44)
(148,44)
(149,44)
(150,44)
(151,44)
(152,44)
(153,44)
(154,44)
(155,44)
(156,44)
(157,44)
(158,44)
(159,44)
(160,44)
(161,44)
(162,44)
(163,44)
(164,44)
(165,44)
(166,44)
(167,44)
(168,44)
(169,44)
(170,44)
(171,44)
(172,44)
(173,44)
(174,44)
(175,44)
(176,44)
(177,44)
(178,44)
(179,44)
(180,44)
(181,44)
(182,44)
(183,44)
(184,44)
(185,44)
(186,44)
(121,47)
(122,47)
(123,47)
(124,47)
(125,47)
(126,47)
(127,47)
(128,47)
(129,47)
(130,47)
(131,47)
(132,47)
(133,47)
(134,47)
(135,47)
(136,47)
(137,47)
(138,47)
(139,47)
(140,47)
(141,47)
(142,47)
(143,47)
(144,47)
(145,47)
(146,47)
(147,47)
(148,47)
(149,47)
(150,47)
(151,47)
(152,47)
(153,47)
(154,47)
(155,47)
(156,47)
(157,47)
(158,47)
(159,47)
(160,47)
(161,47)
(162,47)
(163,47)
(164,47)
(165,47)
(166,47)
(167,47)
(168,47)
(169,47)
(170,47)
(171,47)
(172,47)
(173,47)
(174,47)
(175,47)
(176,47)
(177,47)
(178,47)
(179,47)
(180,47)
(181,47)
(182,47)
(183,47)
(184,47)
(185,47)
(186,47)
(187,47)
(188,47)
(189,47)
(190,47)
(191,47)
(192,47)
(193,47)
(194,47)
(195,47)
(196,47)
(197,47)
(198,47)
(199,47)
(200,47)
(201,47)
(202,47)
(203,47)
(204,47)
(205,47)
(119,48)
(118,48)
(117,48)
(116,48)
(115,48)
(114,48)
(119,52)
(118,52)
(117,52)
(116,52)
(115,52)
(114,52)
(113,52)
(112,52)
(111,52)
(110,52)
(109,52)
(108,52)
(107,52)
(106,52)
(105,52)
(104,52)
(103,52)
(102,52)
(101,52)
(100,52)
(99,52)
(98,52)
(97,52)
(96,52)
(95,52)
(94,52)
(93,52)
(92,52)
(91,52)
(90,52)
(89,52)
(88,52)
(87,52)
(86,52)
(85,52)
(84,52)
(83,52)
(82,52)
(81,52)
(80,52)
(79,52)
(78,52)
(77,52)
(76,52)
(75,52)
(74,52)
(73,52)
(72,52)
(71,52)
(121,52)
(122,52)
(123,52)
(124,52)
(125,52)
(126,52)
(127,52)
(128,52)
(129,52)
(130,52)
(131,52)
(132,52)
(133,52)
(134,52)
(135,52)
(136,52)
(137,52)
(138,52)
(139,52)
(140,52)
(141,52)
(142,52)
(143,52)
(144,52)
(145,52)
(146,52)
(147,52)
(148,52)
(149,52)
(150,52)
(151,52)
(152,52)
(153,52)
(119,53)
(118,53)
(117,53)
(116,53)
(115,53)
(114,53)
(113,53)
(112,53)
(111,53)
(110,53)
(109,53)
(108,53)
(107,53)
(106,53)
(105,53)
(104,53)
(103,53)
(102,53)
(101,53)
(100,53)
(99,53)
(98,53)
(97,53)
(96,53)
(95,53)
(94,53)
(93,53)
(92,53)
(91,53)
(90,53)
(89,53)
(88,53)
(87,53)
(86,53)
(85,53)
(84,53)
(83,53)
(82,53)
(81,53)
(80,53)
(79,53)
(78,53)
(77,53)
(76,53)
(75,53)
(74,53)
(73,53)
(72,53)
(71,53)
(70,53)
(69,53)
(68,53)
(67,53)
(66,53)
(65,53)
(64,53)
(63,53)
(62,53)
(61,53)
(60,53)
(59,53)
(58,53)
(57,53)
(56,53)
(55,53)
(54,53)
(53,53)
(52,53)
(51,53)
(50,53)
(49,53)
(48,53)
(47,53)
(46,53)
(45,53)
(44,53)
(43,53)
(42,53)
(41,53)
(40,53)
(39,53)
(38,53)
(37,53)
(36,53)
(35,53)
(34,53)
(33,53)
(32,53)
(31,53)
(30,53)
(121,57)
(122,57)
(123,57)
(124,57)
(125,57)
(126,57)
(127,57)
(128,57)
(129,57)
(130,57)
(131,57)
(132,57)
(133,57)
(134,57)
(135,57)
(136,57)
(137,57)
(138,57)
(139,57)
(140,57)
(141,57)
(142,57)
(143,57)
(144,57)
(145,57)
(146,57)
(147,57)
(148,57)
(149,57)
(150,57)
(151,57)
(152,57)
(153,57)
(154,57)
(155,57)
(156,57)
(157,57)
(158,57)
(159,57)
(160,57)
(161,57)
(162,57)
(163,57)
(164,57)
(165,57)
(166,57)
(167,57)
(168,57)
(169,57)
(170,57)
(171,57)
(172,57)
(173,57)
(174,57)
(175,57)
(176,57)
(177,57)
(178,57)
(179,57)
(180,57)
(119,60)
(118,60)
(117,60)
(116,60)
(115,60)
(114,60)
(113,60)
(112,60)
(111,60)
(110,60)
(109,60)
(108,60)
(107,60)
(106,60)
(105,60)
(104,60)
(103,60)
(102,60)
(101,60)
(100,60)
(99,60)
(98,60)
(97,60)
(96,60)
(95,60)
(94,60)
(93,60)
(92,60)
(91,60)
(90,60)
(89,60)
(88,60)
(87,60)
(86,60)
(85,60)
(84,60)
(83,60)
(82,60)
(81,60)
(80,60)
(79,60)
(78,60)
(77,60)
(76,60)
(75,60)
(74,60)
(73,60)
(72,60)
(71,60)
(70,60)
(69,60)
(68,60)
(67,60)
(66,60)
(65,60)
(64,60)
(63,60)
(62,60)
(61,60)
(60,60)
(59,60)
(58,60)
(57,60)
(56,60)
(55,60)
(54,60)
(53,60)
(52,60)
(51,60)
(50,60)
(121,62)
(122,62)
(123,62)
(124,62)
(125,62)
(126,62)
(127,62)
(128,62)
(129,62)
(130,62)
(131,62)
(132,62)
(133,62)
(134,62)
(135,62)
(136,62)
(137,62)
(138,62)
(139,62)
(140,62)
(141,62)
(142,62)
(143,62)
(144,62)
(145,62)
(146,62)
(147,62)
(148,62)
(149,62)
(150,62)
(151,62)
(152,62)
(153,62)
(154,62)
(155,62)
(156,62)
(157,62)
(158,62)
(159,62)
(160,62)
(161,62)
(162,62)
(163,62)
(164,62)
(165,62)
(166,62)
(167,62)
(168,62)
(169,62)
(170,62)
(171,62)
(172,62)
(173,62)
(174,62)
(175,62)
(176,62)
(177,62)
(178,62)
(179,62)
(180,62)
(181,62)
(182,62)
(183,62)
(184,62)
(185,62)
(186,62)
(187,62)
(188,62)
(189,62)
(190,62)
(191,62)
(192,62)
(193,62)
(194,62)
(195,62)
(196,62)
(197,62)
(198,62)
(199,62)
(200,62)
(201,62)
(202,62)
(203,62)
(119,66)
(118,66)
(117,66)
(116,66)
(115,66)
(114,66)
(113,66)
(112,66)
(111,66)
(110,66)
(109,66)
(108,66)
(107,66)
(106,66)
(105,66)
(104,66)
(103,66)
(102,66)
(101,66)
(100,66)
(99,66)
(98,66)
(97,66)
(96,66)
(95,66)
(94,66)
(121,66)
(122,66)
(123,66)
(124,66)
(125,66)
(126,66)
(127,66)
(128,66)
(129,66)
(130,66)
(131,66)
(132,66)
(133,66)
(134,66)
(135,66)
(136,66)
(137,66)
(138,66)
(139,66)
(140,66)
(141,66)
(142,66)
(143,66)
(144,66)
(145,66)
(146,66)
(147,66)
(148,66)
(149,66)
(150,66)
(151,66)
(152,66)
(153,66)
(154,66)
(155,66)
(156,66)
(157,66)
(119,68)
(118,68)
(117,68)
(116,68)
(115,68)
(114,68)
(113,68)
(112,68)
(111,68)
(110,68)
(109,68)
(108,68)
(107,68)
(106,68)
(105,68)
(104,68)
(103,68)
(102,68)
(101,68)
(100,68)
(99,68)
(98,68)
(97,68)
(96,68)
(95,68)
(94,68)
(93,68)
(92,68)
(91,68)
(90,68)
(89,68)
(88,68)
(87,68)
(86,68)
(85,68)
(84,68)
(83,68)
(82,68)
(81,68)
(80,68)
(79,68)
(78,68)
(77,68)
(76,68)
(75,68)
(74,68)
(73,68)
(72,68)
(71,68)
(121,68)
(122,68)
(123,68)
(124,68)
(125,68)
(126,68)
(127,68)
(128,68)
(129,68)
(130,68)
(131,68)
(132,68)
(133,68)
(134,68)
(119,72)
(118,72)
(117,72)
(116,72)
(115,72)
(114,72)
(113,72)
(112,72)
(111,72)
(110,72)
(109,72)
(108,72)
(107,72)
(106,72)
(105,72)
(104,72)
(103,72)
(102,72)
(101,72)
(100,72)
(99,72)
(98,72)
(97,72)
(96,72)
(95,72)
(94,72)
(93,72)
(92,72)
(91,72)
(90,72)
(89,72)
(88,72)
(87,72)
(86,72)
(85,72)
(84,72)
(83,72)
(82,72)
(81,72)
(80,72)
(79,72)
(78,72)
(77,72)
(76,72)
(75,72)
(74,72)
(73,72)
(72,72)
(71,72)
(70,72)
(69,72)
(68,72)
(67,72)
(66,72)
(65,72)
(64,72)
(63,72)
(62,72)
(61,72)
(60,72)
(59,72)
(58,72)
(57,72)
(56,72)
(55,72)
(54,72)
(53,72)
(52,72)
(51,72)
(50,72)
(49,72)
(48,72)
(47,72)
(46,72)
(45,72)
(44,72)
(43,72)
(42,72)
(41,72)
(40,72)
(39,72)
(38,72)
(37,72)
(36,72)
(35,72)
(34,72)
(33,72)
(32,72)
(31,72)
(30,72)
(121,72)
(122,72)
(123,72)
(124,72)
(125,72)
(126,72)
(127,72)
(128,72)
(129,72)
(130,72)
(131,72)
(132,72)
(133,72)
(134,72)
(135,72)
(136,72)
(137,72)
(138,72)
(139,72)
(140,72)
(141,72)
(142,72)
(143,72)
(144,72)
(145,72)
(146,72)
(147,72)
(148,72)
(149,72)
(150,72)
(151,72)
(152,72)
(153,72)
(154,72)
(155,72)
(156,72)
(157,72)
(158,72)
(159,72)
(160,72)
(161,72)
(162,72)
(163,72)
(164,72)
(165,72)
(166,72)
(167,72)
(168,72)
(169,72)
(170,72)
(171,72)
(172,72)
(173,72)
(174,72)
(175,72)
(176,72)
(177,72)
(178,72)
(179,72)
(180,72)
(181,72)
(119,77)
(118,77)
(117,77)
(116,77)
(115,77)
(114,77)
(113,77)
(112,77)
(111,77)
(110,77)
(109,77)
(108,77)
(107,77)
(106,77)
(105,77)
(104,77)
(103,77)
(102,77)
(101,77)
(100,77)
(99,77)
(98,77)
(97,77)
(96,77)
(95,77)
(94,77)
(93,77)
(92,77)
(91,77)
(90,77)
(89,77)
(88,77)
(87,77)
(86,77)
(85,77)
(84,77)
(83,77)
(82,77)
(81,77)
(80,77)
(79,77)
(78,77)
(77,77)
(76,77)
(75,77)
(74,77)
(73,77)
(72,77)
(71,77)
(70,77)
(69,77)
(68,77)
(67,77)
(66,77)
(65,77)
(64,77)
(63,77)
(62,77)
(61,77)
(60,77)
(59,77)
(58,77)
(57,77)
(56,77)
(55,77)
(54,77)
(53,77)
(52,77)
(51,77)
(50,77)
(121,77)
(122,77)
(123,77)
(124,77)
(125,77)
(126,77)
(127,77)
(128,77)
(129,77)
(130,77)
(131,77)
(132,77)
(133,77)
(134,77)
(135,77)
(136,77)
(137,77)
(138,77)
(139,77)
(140,77)
(141,77)
(142,77)
(143,77)
(144,77)
(145,77)
(146,77)
(147,77)
(148,77)
(149,77)
(150,77)
(151,77)
(152,77)
(153,77)
(154,77)
(155,77)
(156,77)
(157,77)
(158,77)
(159,77)
(160,77)
(161,77)
(162,77)
(163,77)
(164,77)
(165,77)
(166,77)
(167,77)
(168,77)
(169,77)
(170,77)
(171,77)
(172,77)
(173,77)
(174,77)
(175,77)
(176,77)
(177,77)
(178,77)
(179,77)
(180,77)
(181,77)
(182,77)
(183,77)
(184,77)
(185,77)
(186,77)
(187,77)
(188,77)
(189,77)
(190,77)
(191,77)
(192,77)
(193,77)
(194,77)
(195,77)
(196,77)
(197,77)
(198,77)
(199,77)
(200,77)
(201,77)
(202,77)
(203,77)
(204,77)
(119,83)
(118,83)
(117,83)
(116,83)
(115,83)
(114,83)
(113,83)
(112,83)
(121,87)
(122,87)
(123,87)
(124,87)
(125,87)
(126,87)
(127,87)
(128,87)
(129,87)
(130,87)
(131,87)
(132,87)
(133,87)
(134,87)
(135,87)
(136,87)
(137,87)
(138,87)
(139,87)
(140,87)
(141,87)
(142,87)
(143,87)
(144,87)
(145,87)
(146,87)
(147,87)
(148,87)
(149,87)
(150,87)
(151,87)
(152,87)
(153,87)
(154,87)
(155,87)
(156,87)
(157,87)
(158,87)
(159,87)
(160,87)
(161,87)
(162,87)
(163,87)
(164,87)
(165,87)
(166,87)
(167,87)
(168,87)
(169,87)
(170,87)
(171,87)
(172,87)
(173,87)
(174,87)
(175,87)
(176,87)
(119,91)
(118,91)
(117,91)
(116,91)
(115,91)
(114,91)
(113,91)
(112,91)
(111,91)
(110,91)
(109,91)
(108,91)
(107,91)
(106,91)
(105,91)
(104,91)
(103,91)
(102,91)
(101,91)
(100,91)
(99,91)
(98,91)
(97,91)
(96,91)
(95,91)
(94,91)
(93,91)
(92,91)
(91,91)
(90,91)
(89,91)
(88,91)
(87,91)
(86,91)
(85,91)
(84,91)
(83,91)
(82,91)
(81,91)
(80,91)
(79,91)
(78,91)
(77,91)
(76,91)
(75,91)
(74,91)
(73,91)
(72,91)
(71,91)
(70,91)
(69,91)
(68,91)
(67,91)
(66,91)
(65,91)
(64,91)
(63,91)
(62,91)
(61,91)
(60,91)
(59,91)
(58,91)
(57,91)
(56,91)
(55,91)
(54,91)
(53,91)
(52,91)
(51,91)
(50,91)
(49,91)
(48,91)
(47,91)
(46,91)
(45,91)
(44,91)
(43,91)
(42,91)
(41,91)
(40,91)
(39,91)
(38,91)
(37,91)
(36,91)
(35,91)
(34,91)
(33,91)
(32,91)
(31,91)
(30,91)
(121,92)
(122,92)
(123,92)
(124,92)
(125,92)
(126,92)
(127,92)
(128,92)
(129,92)
(130,92)
(131,92)
(132,92)
(133,92)
(134,92)
(135,92)
(136,92)
(137,92)
(138,92)
(139,92)
(140,92)
(141,92)
(142,92)
(143,92)
(144,92)
(145,92)
(146,92)
(147,92)
(148,92)
(149,92)
(150,92)
(151,92)
(152,92)
(153,92)
(154,92)
(155,92)
(156,92)
(157,92)
(158,92)
(159,92)
(160,92)
(161,92)
(162,92)
(163,92)
(164,92)
(165,92)
(166,92)
(167,92)
(168,92)
(169,92)
(170,92)
(171,92)
(172,92)
(173,92)
(174,92)
(175,92)
(176,92)
(177,92)
(178,92)
(179,92)
(180,92)
(181,92)
(182,92)
(183,92)
(184,92)
(185,92)
(186,92)
(187,92)
(188,92)
(189,92)
(190,92)
(191,92)
(192,92)
(193,92)
(194,92)
(195,92)
(196,92)
(197,92)
(198,92)
(199,92)
(200,92)
(201,92)
(202,92)
(203,92)
(119,93)
(118,93)
(117,93)
(116,93)
(115,93)
(114,93)
(113,93)
(112,93)
(111,93)
(110,93)
(109,93)
(108,93)
(107,93)
(106,93)
(105,93)
(104,93)
(103,93)
(102,93)
(101,93)
(100,93)
(99,93)
(98,93)
(97,93)
(96,93)
(95,93)
(94,93)
(93,93)
(92,93)
(91,93)
(90,93)
(89,93)
(88,93)
(87,93)
(86,93)
(85,93)
(84,93)
(83,93)
(82,93)
(81,93)
(80,93)
(79,93)
(78,93)
(77,93)
(76,93)
(75,93)
(74,93)
(73,93)
(72,93)
(71,93)
(70,93)
(69,93)
(68,93)
(67,93)
(66,93)
(65,93)
(64,93)
(63,93)
(62,93)
(61,93)
(60,93)
(59,93)
(58,93)
(57,93)
(56,93)
(55,93)
(54,93)
(53,93)
(52,93)
(51,93)
(119,101)
(118,101)
(117,101)
(116,101)
(115,101)
(114,101)
(121,101)
(122,101)
(123,101)
(124,101)
(125,101)
(126,101)
(127,101)
(128,101)
(129,101)
(130,101)
(131,101)
(132,101)
(133,101)
(134,101)
(135,101)
(136,101)
(137,101)
(138,101)
(139,101)
(140,101)
(141,101)
(142,101)
(143,101)
(144,101)
(145,101)
(146,101)
(147,101)
(148,101)
(149,101)
(150,101)
(151,101)
(152,101)
(153,101)
(154,101)
(155,101)
(156,101)
(157,101)
(158,101)
(159,101)
(160,101)
(161,101)
(162,101)
(163,101)
(164,101)
(165,101)
(166,101)
(167,101)
(168,101)
(169,101)
(170,101)
(171,101)
(172,101)
(173,101)
(174,101)
(175,101)
(176,101)
(177,101)
(178,101)
(179,101)
(180,101)
(119,104)
(118,104)
(117,104)
(116,104)
(115,104)
(114,104)
(113,104)
(112,104)
(111,104)
(110,104)
(109,104)
(108,104)
(107,104)
(106,104)
(105,104)
(104,104)
(103,104)
(102,104)
(101,104)
(100,104)
(99,104)
(98,104)
(97,104)
(96,104)
(95,104)
(94,104)
(93,104)
(92,104)
(91,104)
(90,104)
(89,104)
(88,104)
(87,104)
(86,104)
(85,104)
(84,104)
(83,104)
(82,104)
(81,104)
(80,104)
(79,104)
(78,104)
(77,104)
(76,104)
(75,104)
(74,104)
(73,104)
(72,104)
(71,104)
(121,104)
(122,104)
(123,104)
(124,104)
(125,104)
(126,104)
(127,104)
(128,104)
(129,104)
(130,104)
(131,104)
(132,104)
(133,104)
(134,104)
(135,104)
(136,104)
(137,104)
(138,104)
(139,104)
(140,104)
(141,104)
(142,104)
(143,104)
(144,104)
(145,104)
(146,104)
(147,104)
(148,104)
(149,104)
(150,104)
(151,104)
(152,104)
(153,104)
(121,107)
(122,107)
(123,107)
(124,107)
(125,107)
(126,107)
(127,107)
(128,107)
(129,107)
(130,107)
(131,107)
(132,107)
(133,107)
(134,107)
(135,107)
(136,107)
(137,107)
(138,107)
(139,107)
(140,107)
(141,107)
(142,107)
(143,107)
(144,107)
(145,107)
(146,107)
(147,107)
(148,107)
(149,107)
(150,107)
(151,107)
(152,107)
(153,107)
(154,107)
(155,107)
(156,107)
(157,107)
(158,107)
(159,107)
(160,107)
(161,107)
(162,107)
(163,107)
(164,107)
(165,107)
(166,107)
(167,107)
(168,107)
(169,107)
(170,107)
(171,107)
(172,107)
(173,107)
(174,107)
(175,107)
(176,107)
(177,107)
(178,107)
(179,107)
(180,107)
(181,107)
(182,107)
(183,107)
(184,107)
(185,107)
(186,107)
(187,107)
(188,107)
(189,107)
(190,107)
(191,107)
(192,107)
(193,107)
(194,107)
(195,107)
(196,107)
(197,107)
(198,107)
(199,107)
(200,107)
(201,107)
(202,107)
(203,107)
(204,107)
(119,110)
(118,110)
(117,110)
(116,110)
(115,110)
(114,110)
(113,110)
(112,110)
(111,110)
(110,110)
(109,110)
(108,110)
(107,110)
(106,110)
(105,110)
(104,110)
(103,110)
(102,110)
(101,110)
(100,110)
(99,110)
(98,110)
(97,110)
(96,110)
(95,110)
(94,110)
(93,110)
(92,110)
(91,110)
(90,110)
(89,110)
(88,110)
(87,110)
(86,110)
(85,110)
(84,110)
(83,110)
(82,110)
(81,110)
(80,110)
(79,110)
(78,110)
(77,110)
(76,110)
(75,110)
(74,110)
(73,110)
(72,110)
(71,110)
(70,110)
(69,110)
(68,110)
(67,110)
(66,110)
(65,110)
(64,110)
(63,110)
(62,110)
(61,110)
(60,110)
(59,110)
(58,110)
(57,110)
(56,110)
(55,110)
(54,110)
(53,110)
(52,110)
(51,110)
(50,110)
(49,110)
(48,110)
(47,110)
(46,110)
(45,110)
(44,110)
(43,110)
(42,110)
(41,110)
(40,110)
(39,110)
(38,110)
(37,110)
(36,110)
(35,110)
(34,110)
(33,110)
(32,110)
(31,110)
(30,110)
(121,116)
(122,116)
(123,116)
(124,116)
(125,116)
(126,116)
(127,116)
(128,116)
(129,116)
(130,116)
(131,116)
(132,116)
(133,116)
(134,116)
(135,116)
(136,116)
(137,116)
(138,116)
(139,116)
(140,116)
(141,116)
(142,116)
(143,116)
(144,116)
(145,116)
(146,116)
(147,116)
(148,116)
(149,116)
(150,116)
(151,116)
(152,116)
(153,116)
(154,116)
(155,116)
(156,116)
(157,116)
(158,116)
(159,116)
(160,116)
(161,116)
(162,116)
(163,116)
(164,116)
(165,116)
(166,116)
(167,116)
(168,116)
(169,116)
(170,116)
(171,116)
(172,116)
(173,116)
(174,116)
(175,116)
(176,116)
(177,116)
(178,116)
(179,116)
(180,116)
(181,116)
(119,118)
(118,118)
(117,118)
(116,118)
(115,118)
(114,118)
(113,118)
(112,118)
(111,118)
(110,118)
(109,118)
(108,118)
(107,118)
(106,118)
(105,118)
(104,118)
(103,118)
(102,118)
(101,118)
(100,118)
(99,118)
(98,118)
(97,118)
(96,118)
(95,118)
(94,118)
(121,118)
(122,118)
(123,118)
(124,118)
(125,118)
(126,118)
(127,118)
(128,118)
(129,118)
(130,118)
(131,118)
(132,118)
(133,118)
(134,118)
(135,118)
(136,118)
(137,118)
(138,118)
(139,118)
(140,118)
(141,118)
(142,118)
(143,118)
(144,118)
(145,118)
(146,118)
(147,118)
(148,118)
(149,118)
(150,118)
(151,118)
(152,118)
(153,118)
(154,118)
(155,118)
(156,118)
(157,118)
(119,119)
(118,119)
(117,119)
(116,119)
(115,119)
(114,119)
(119,120)
(118,120)
(117,120)
(116,120)
(115,120)
(114,120)
(113,120)
(112,120)
(111,120)
(110,120)
(109,120)
(108,120)
(107,120)
(106,120)
(105,120)
(104,120)
(103,120)
(102,120)
(101,120)
(100,120)
(99,120)
(98,120)
(97,120)
(96,120)
(95,120)
(94,120)
(93,120)
(92,120)
(91,120)
(90,120)
(89,120)
(88,120)
(87,120)
(86,120)
(85,120)
(84,120)
(83,120)
(82,120)
(81,120)
(80,120)
(79,120)
(78,120)
(77,120)
(76,120)
(75,120)
(74,120)
(73,120)
(72,120)
(71,120)
(121,120)
(122,120)
(123,120)
(124,120)
(125,120)
(126,120)
(127,120)
(128,120)
(129,120)
(130,120)
(131,120)
(132,120)
(133,120)
(134,120)
(121,122)
(122,122)
(123,122)
(124,122)
(125,122)
(126,122)
(127,122)
(128,122)
(129,122)
(130,122)
(131,122)
(132,122)
(133,122)
(134,122)
(135,122)
(136,122)
(137,122)
(138,122)
(139,122)
(140,122)
(141,122)
(142,122)
(143,122)
(144,122)
(145,122)
(146,122)
(147,122)
(148,122)
(149,122)
(150,122)
(151,122)
(152,122)
(153,122)
(154,122)
(155,122)
(156,122)
(157,122)
(158,122)
(159,122)
(160,122)
(161,122)
(162,122)
(163,122)
(164,122)
(165,122)
(166,122)
(167,122)
(168,122)
(169,122)
(170,122)
(171,122)
(172,122)
(173,122)
(174,122)
(175,122)
(176,122)
(177,122)
(178,122)
(179,122)
(180,122)
(181,122)
(182,122)
(183,122)
(184,122)
(185,122)
(186,122)
(187,122)
(188,122)
(189,122)
(190,122)
(191,122)
(192,122)
(193,122)
(194,122)
(195,122)
(196,122)
(197,122)
(198,122)
(199,122)
(200,122)
(201,122)
(202,122)
(203,122)
(119,126)
(118,126)
(117,126)
(116,126)
(115,126)
(114,126)
(113,126)
(112,126)
(111,126)
(110,126)
(109,126)
(108,126)
(107,126)
(106,126)
(105,126)
(104,126)
(103,126)
(102,126)
(101,126)
(100,126)
(99,126)
(98,126)
(97,126)
(96,126)
(95,126)
(94,126)
(93,126)
(92,126)
(91,126)
(90,126)
(89,126)
(88,126)
(87,126)
(86,126)
(85,126)
(84,126)
(83,126)
(82,126)
(81,126)
(80,126)
(79,126)
(78,126)
(77,126)
(76,126)
(75,126)
(74,126)
(73,126)
(72,126)
(71,126)
(70,126)
(69,126)
(68,126)
(67,126)
(66,126)
(65,126)
(64,126)
(63,126)
(62,126)
(61,126)
(60,126)
(59,126)
(58,126)
(57,126)
(56,126)
(55,126)
(54,126)
(53,126)
(52,126)
(51,126)
(50,126)
(49,126)
(121,131)
(122,131)
(123,131)
(124,131)
(125,131)
(126,131)
(127,131)
(128,131)
(129,131)
(130,131)
(131,131)
(132,131)
(133,131)
(134,131)
(135,131)
(136,131)
(137,131)
(138,131)
(139,131)
(140,131)
(141,131)
(142,131)
(143,131)
(144,131)
(145,131)
(146,131)
(147,131)
(148,131)
(149,131)
(150,131)
(151,131)
(152,131)
(153,131)
(154,131)
(155,131)
(156,131)
(157,131)
(158,131)
(159,131)
(160,131)
(161,131)
(162,131)
(163,131)
(164,131)
(165,131)
(166,131)
(167,131)
(168,131)
(169,131)
(170,131)
(171,131)
(172,131)
(173,131)
(174,131)
(175,131)
(176,131)
(177,131)
(178,131)
(179,131)
(180,131)
(119,135)
(118,135)
(117,135)
(116,135)
(115,135)
(114,135)
(119,141)
(118,141)
(117,141)
(116,141)
(115,141)
(114,141)
(113,141)
(112,141)
(111,141)
(110,141)
(109,141)
(108,141)
(107,141)
(106,141)
(105,141)
(104,141)
(103,141)
(102,141)
(101,141)
(100,141)
(99,141)
(98,141)
(97,141)
(96,141)
(95,141)
(94,141)
(93,141)
(92,141)
(91,141)
(90,141)
(89,141)
(88,141)
(87,141)
(86,141)
(85,141)
(84,141)
(83,141)
(82,141)
(81,141)
(80,141)
(79,141)
(78,141)
(77,141)
(76,141)
(75,141)
(74,141)
(73,141)
(72,141)
(71,141)
(70,141)
(69,141)
(68,141)
(67,141)
(66,141)
(65,141)
(64,141)
(63,141)
(121,141)
(122,141)
(123,141)
(124,141)
(125,141)
(126,141)
(127,141)
(128,141)
(129,141)
(130,141)
(131,141)
(132,141)
(133,141)
(134,141)
(135,141)
(136,141)
(137,141)
(138,141)
(139,141)
(140,141)
(141,141)
(142,141)
(143,141)
(144,141)
(145,141)
(146,141)
(147,141)
(148,141)
(149,141)
(150,141)
(121,144)
(122,144)
(123,144)
(124,144)
(125,144)
(126,144)
(127,144)
(128,144)
(129,144)
(130,144)
(131,144)
(132,144)
(133,144)
(134,144)
(135,144)
(136,144)
(137,144)
(138,144)
(139,144)
(140,144)
(141,144)
(142,144)
(143,144)
(144,144)
(145,144)
(146,144)
(147,144)
(148,144)
(149,144)
(150,144)
(151,144)
(152,144)
(153,144)
(154,144)
(155,144)
(156,144)
(157,144)
(158,144)
(159,144)
(160,144)
(161,144)
(162,144)
(163,144)
(164,144)
(165,144)
(166,144)
(167,144)
(168,144)
(169,144)
(120,89)
(120,88)
(120,87)
(120,86)
(120,85)
(120,84)
(120,83)
(120,82)
(120,81)
(120,80)
(120,79)
(120,78)
(120,77)
(120,76)
(120,75)
(120,74)
(120,73)
(120,72)
(120,71)
(120,70)
(120,69)
(120,68)
(120,67)
(120,66)
(120,65)
(120,64)
(120,63)
(120,62)
(120,61)
(120,60)
(120,59)
(120,58)
(120,57)
(120,56)
(120,55)
(120,54)
(120,53)
(120,52)
(120,51)
(120,50)
(120,49)
(120,48)
(120,47)
(120,46)
(120,45)
(120,44)
(120,43)
(120,42)
(120,41)
(120,40)
(120,39)
(120,38)
(120,37)
(120,36)
(120,35)
(120,34)
(120,33)
(120,32)
(120,31)
(120,30)
(120,29)
(120,28)
(120,27)
(120,26)
(120,25)
(120,24)
(120,91)
(120,92)
(120,93)
(120,94)
(120,95)
(120,96)
(120,97)
(120,98)
(120,99)
(120,100)
(120,101)
(120,102)
(120,103)
(120,104)
(120,105)
(120,106)
(120,107)
(120,108)
(120,109)
(120,110)
(120,111)
(120,112)
(120,113)
(120,114)
(120,115)
(120,116)
(120,117)
(120,118)
(120,119)
(120,120)
(120,121)
(120,122)
(120,123)
(120,124)
(120,125)
(120,126)
(120,127)
(120,128)
(120,129)
(120,130)
(120,131)
(120,132)
(120,133)
(120,134)
(120,135)
(120,136)
(120,137)
(120,138)
(120,139)
(120,140)
(120,141)
(120,142)
(120,143)
(120,144)
(120,145)
(120,146)
(120,147)
(120,148)
(120,149)
(120,150)
(120,151)
(120,152)
(120,153)
(111,83)
(110,83)
(109,83)
(108,83)
(107,83)
(106,83)
(105,83)
(104,83)
(103,83)
(102,83)
(101,83)
(100,83)
(99,83)
(98,83)
(97,83)
(96,83)
(95,83)
(94,83)
(93,83)
(92,83)
(91,83)
(90,83)
(89,83)
(88,83)
(87,83)
(86,83)
(85,83)
(84,83)
(83,83)
(82,83)
(81,83)
(80,83)
(79,83)
(78,83)
(77,83)
(76,83)
(75,83)
(74,83)
(73,83)
(72,83)
(71,83)
(70,83)
(69,83)
(121,83)
(122,83)
(123,83)
(124,83)
(125,83)
(126,83)
(127,83)
(128,83)
(129,83)
(130,83)
(131,83)
(132,83)
(133,83)
(134,83)
(135,83)
(136,83)
(137,83)
(138,83)
(139,83)
(140,83)
(141,83)
(142,83)
(143,83)
(144,83)
(145,83)
(146,83)
(156,87)
(119,122)
(118,122)
(117,122)
(116,122)
(115,122)
(114,122)
(113,122)
(112,122)
(111,122)
(110,122)
(109,122)
(108,122)
(107,122)
(106,122)
(105,122)
(104,122)
(103,122)
(102,122)
(101,122)
(100,122)
(99,122)
(98,122)
(97,122)
(96,122)
(95,122)
(94,122)
(93,122)
(92,122)
(91,122)
(90,122)
(89,122)
(88,122)
(87,122)
(86,122)
(85,122)
(84,122)
(83,122)
(82,122)
(81,122)
(80,122)
(79,122)
(78,122)
(77,122)
(76,122)
(75,122)
(74,122)
(73,122)
(72,122)
(71,122)
(70,122)
(69,122)
(68,122)
(67,122)
(66,122)
(65,122)
(64,122)
(63,122)
(62,122)
(61,122)
(60,122)
(59,122)
(58,122)
(57,122)
(56,122)
(55,122)
(54,122)
(53,122)
(52,122)
(51,122)
(50,122)
(49,122)
(48,122)
(47,122)
(46,122)
(45,122)
(44,122)
(43,122)
(42,122)
(41,122)
(40,122)
(39,122)
(38,122)
(37,122)
(36,122)
(35,122)
(34,122)
(33,122)
(32,122)
(31,122)
(30,122)
(29,122)
(119,138)
(118,138)
(117,138)
(116,138)
(115,138)
(114,138)
(113,138)
(112,138)
(111,138)
(110,138)
(109,138)
(108,138)
(107,138)
(106,138)
(105,138)
(104,138)
(103,138)
(102,138)
(101,138)
(120,89)
(120,88)
(120,87)
(120,86)
(120,85)
(120,84)
(120,83)
(120,82)
(120,81)
(120,80)
(120,79)
(120,78)
(120,77)
(120,76)
(120,75)
(120,74)
(120,73)
(120,72)
(120,71)
(120,70)
(120,69)
(120,68)
(120,67)
(120,66)
(120,65)
(120,64)
(120,63)
(120,62)
(120,61)
(120,60)
(120,59)
(120,58)
(120,57)
(120,56)
(120,55)
(120,54)
(120,53)
(120,52)
(120,51)
(120,50)
(120,49)
(120,48)
(120,47)
(120,46)
(120,45)
(120,44)
(120,43)
(120,42)
(120,41)
(120,40)
(120,39)
(120,38)
(120,37)
(120,36)
(120,35)
(120,34)
(120,33)
(120,32)
(120,31)
(120,30)
(120,29)
(120,28)
(120,27)
(120,26)
(120,25)
(120,24)
(120,91)
(120,92)
(120,93)
(120,94)
(120,95)
(120,96)
(120,97)
(120,98)
(120,99)
(120,100)
(120,101)
(120,102)
(120,103)
(120,104)
(120,105)
(120,106)
(120,107)
(120,108)
(120,109)
(120,110)
(120,111)
(120,112)
(120,113)
(120,114)
(120,115)
(120,116)
(120,117)
(120,118)
(120,119)
(120,120)
(120,121)
(120,122)
(120,123)
(120,124)
(120,125)
(120,126)
(120,127)
(120,128)
(120,129)
(120,130)
(120,131)
(120,132)
(120,133)
(120,134)
(120,135)
(120,136)
(120,137)
(120,138)
(120,139)
(120,140)
(120,141)
(120,142)
(120,143)
(120,144)
(120,145)
(120,146)
(120,147)
(120,148)
(120,149)
(120,150)
(120,151)
(120,152)
(120,153)
(120,89)
(120,88)
(120,87)
(120,86)
(120,85)
(120,84)
(120,83)
(120,82)
(120,81)
(120,80)
(120,79)
(120,78)
(120,77)
(120,76)
(120,75)
(120,74)
(120,73)
(120,72)
(120,71)
(120,70)
(120,69)
(120,68)
(120,67)
(120,66)
(120,65)
(120,64)
(120,63)
(120,62)
(120,61)
(120,60)
(120,59)
(120,58)
(120,57)
(120,56)
(120,55)
(120,54)
(120,53)
(120,52)
(120,51)
(120,50)
(120,49)
(120,48)
(120,47)
(120,46)
(120,45)
(120,44)
(120,43)
(120,42)
(120,41)
(120,40)
(120,39)
(120,38)
(120,37)
(120,36)
(120,35)
(120,34)
(120,33)
(120,32)
(120,31)
(120,30)
(120,29)
(120,28)
(120,27)
(120,26)
(120,25)
(120,24)
(120,91)
(120,92)
(120,93)
(120,94)
(120,95)
(120,96)
(120,97)
(120,98)
(120,99)
(120,100)
(120,101)
(120,102)
(120,103)
(120,104)
(120,105)
(120,106)
(120,107)
(120,108)
(120,109)
(120,110)
(120,111)
(120,112)
(120,113)
(120,114)
(120,115)
(120,116)
(120,117)
(120,118)
(120,119)
(120,120)
(120,121)
(120,122)
(120,123)
(120,124)
(120,125)
(120,126)
(120,127)
(120,128)
(120,129)
(120,130)
(120,131)
(120,132)
(120,133)
(120,134)
(120,135)
(120,136)
(120,137)
(120,138)
(120,139)
(120,140)
(120,141)
(120,142)
(120,143)
(120,144)
(120,145)
(120,146)
(120,147)
(120,148)
(120,149)
(120,150)
(120,151)
(120,152)
(120,153)
(120,89)
(120,88)
(120,87)
(120,86)
(120,85)
(120,84)
(120,83)
(120,82)
(120,81)
(120,80)
(120,79)
(120,78)
(120,77)
(120,76)
(120,75)
(120,74)
(120,73)
(120,72)
(120,71)
(120,70)
(120,69)
(120,68)
(120,67)
(120,66)
(120,65)
(120,64)
(120,63)
(120,62)
(120,61)
(120,60)
(120,59)
(120,58)
(120,57)
(120,56)
(120,55)
(120,54)
(120,53)
(120,52)
(120,51)
(120,50)
(120,49)
(120,48)
(120,47)
(120,46)
(120,45)
(120,44)
(120,43)
(120,42)
(120,41)
(120,40)
(120,39)
(120,38)
(120,37)
(120,36)
(120,35)
(120,34)
(120,33)
(120,32)
(120,31)
(120,30)
(120,29)
(120,28)
(120,27)
(120,26)
(120,25)
(120,24)
(120,91)
(120,92)
(120,93)
(120,94)
(120,95)
(120,96)
(120,97)
(120,98)
(120,99)
(120,100)
(120,101)
(120,102)
(120,103)
(120,104)
(120,105)
(120,106)
(120,107)
(120,108)
(120,109)
(120,110)
(120,111)
(120,112)
(120,113)
(120,114)
(120,115)
(120,116)
(120,117)
(120,118)
(120,119)
(120,120)
(120,121)
(120,122)
(120,123)
(120,124)
(120,125)
(120,126)
(120,127)
(120,128)
(120,129)
(120,130)
(120,131)
(120,132)
(120,133)
(120,134)
(120,135)
(120,136)
(120,137)
(120,138)
(120,139)
(120,140)
(120,141)
(120,142)
(120,143)
(120,144)
(120,145)
(120,146)
(120,147)
(120,148)
(120,149)
(120,150)
(120,151)
(120,152)
(120,153)
(120,89)
(120,88)
(120,87)
(120,86)
(120,85)
(120,84)
(120,83)
(120,82)
(120,81)
(120,80)
(120,79)
(120,78)
(120,77)
(120,76)
(120,75)
(120,74)
(120,73)
(120,72)
(120,71)
(120,70)
(120,69)
(120,68)
(120,67)
(120,66)
(120,65)
(120,64)
(120,63)
(120,62)
(120,61)
(120,60)
(120,59)
(120,58)
(120,57)
(120,56)
(120,55)
(120,54)
(120,53)
(120,52)
(120,51)
(120,50)
(120,49)
(120,48)
(120,47)
(120,46)
(120,45)
(120,44)
(120,43)
(120,42)
(120,41)
(120,40)
(120,39)
(120,38)
(120,37)
(120,36)
(120,35)
(120,34)
(120,33)
(120,32)
(120,31)
(120,30)
(120,29)
(120,28)
(120,27)
(120,26)
(120,25)
(120,24)
(120,91)
(120,92)
(120,93)
(120,94)
(120,95)
(120,96)
(120,97)
(120,98)
(120,99)
(120,100)
(120,101)
(120,102)
(120,103)
(120,104)
(120,105)
(120,106)
(120,107)
(120,108)
(120,109)
(120,110)
(120,111)
(120,112)
(120,113)
(120,114)
(120,115)
(120,116)
(120,117)
(120,118)
(120,119)
(120,120)
(120,121)
(120,122)
(120,123)
(120,124)
(120,125)
(120,126)
(120,127)
(120,128)
(120,129)
(120,130)
(120,131)
(120,132)
(120,133)
(120,134)
(120,135)
(120,136)
(120,137)
(120,138)
(120,139)
(120,140)
(120,141)
(120,142)
(120,143)
(120,144)
(120,145)
(120,146)
(120,147)
(120,148)
(120,149)
(120,150)
(120,151)
(120,152)
(120,153)
(119,70)
(118,70)
(117,70)
(116,70)
(115,70)
(114,70)
(113,70)
(112,70)
(111,70)
(110,70)
(109,70)
(108,70)
(107,70)
(106,70)
(105,70)
(104,70)
(103,70)
(102,70)
(101,70)
(100,70)
(99,70)
(98,70)
(97,70)
(96,70)
(95,70)
(94,70)
(93,70)
(92,70)
(91,70)
(121,70)
(122,70)
(123,70)
(124,70)
(125,70)
(126,70)
(127,70)
(128,70)
(129,70)
(130,70)
(131,70)
(132,70)
(133,70)
(134,70)
(135,70)
(136,70)
(137,70)
(138,70)
(139,70)
(140,70)
(141,70)
(142,70)
(143,70)
(144,70)
(145,70)
(146,70)
(147,70)
(148,70)
(149,70)
(150,70)
(151,70)
(152,70)
(153,70)
(154,70)
(119,87)
(118,87)
(117,87)
(116,87)
(115,87)
(114,87)
(113,87)
(112,87)
(111,87)
(110,87)
(109,87)
(108,87)
(107,87)
(106,87)
(105,87)
(104,87)
(103,87)
(102,87)
(101,87)
(100,87)
(99,87)
(98,87)
(97,87)
(96,87)
(95,87)
(94,87)
(93,87)
(92,87)
(154,122)
(121,127)
(122,127)
(123,127)
(124,127)
(125,127)
(126,127)
(127,127)
(128,127)
(129,127)
(130,127)
(131,127)
(132,127)
(133,127)
(134,127)
(135,127)
(136,127)
(137,127)
(138,127)
(139,127)
(140,127)
(141,127)
(142,127)
(143,127)
(144,127)
(145,127)
(146,127)
(147,127)
(148,127)
(149,127)
(150,127)
(151,127)
(152,127)
(153,127)
(154,127)
(155,127)
(156,127)
(157,127)
(158,127)
(159,127)
(160,127)
(161,127)
(162,127)
(163,127)
(164,127)
(165,127)
(166,127)
(167,127)
(168,127)
(169,127)
(170,127)
(171,127)
(172,127)
(173,127)
(174,127)
(175,127)
(176,127)
(177,127)
(178,127)
(179,127)
(180,127)
(181,127)
(182,127)
(183,127)
(184,127)
(185,127)
(186,127)
(187,127)
(188,127)
(189,127)
(190,127)
(191,127)
(192,127)
(193,127)
(194,127)
(195,127)
(196,127)
(197,127)
(198,127)
(199,127)
(200,127)
(201,127)
(202,127)
(203,127)
(204,127)
(205,127)
(119,143)
(118,143)
(117,143)
(116,143)
(115,143)
(114,143)
(113,143)
(112,143)
(111,143)
(110,143)
(109,143)
(120,89)
(120,88)
(120,87)
(120,86)
(120,85)
(120,84)
(120,83)
(120,82)
(120,81)
(120,80)
(120,79)
(120,78)
(120,77)
(120,76)
(120,75)
(120,74)
(120,73)
(120,72)
(120,71)
(120,70)
(120,69)
(120,68)
(120,67)
(120,66)
(120,65)
(120,64)
(120,63)
(120,62)
(120,61)
(120,60)
(120,59)
(120,58)
(120,57)
(120,56)
(120,55)
(120,54)
(120,53)
(120,52)
(120,51)
(120,50)
(120,49)
(120,48)
(120,47)
(120,46)
(120,45)
(120,44)
(120,43)
(120,42)
(120,41)
(120,40)
(120,39)
(120,38)
(120,37)
(120,36)
(120,35)
(120,34)
(120,33)
(120,32)
(120,31)
(120,30)
(120,29)
(120,28)
(120,27)
(120,26)
(120,25)
(120,24)
(120,91)
(120,92)
(120,93)
(120,94)
(120,95)
(120,96)
(120,97)
(120,98)
(120,99)
(120,100)
(120,101)
(120,102)
(120,103)
(120,104)
(120,105)
(120,106)
(120,107)
(120,108)
(120,109)
(120,110)
(120,111)
(120,112)
(120,113)
(120,114)
(120,115)
(120,116)
(120,117)
(120,118)
(120,119)
(120,120)
(120,121)
(120,122)
(120,123)
(120,124)
(120,125)
(120,126)
(120,127)
(120,128)
(120,129)
(120,130)
(120,131)
(120,132)
(120,133)
(120,134)
(120,135)
(120,136)
(120,137)
(120,138)
(120,139)
(120,140)
(120,141)
(120,142)
(120,143)
(120,144)
(120,145)
(120,146)
(120,147)
(120,148)
(120,149)
(120,150)
(120,151)
(120,152)
(120,153)
(119,32)
(118,32)
(117,32)
(116,32)
(115,32)
(114,32)
(113,32)
(112,32)
(111,32)
(110,32)
(109,32)
(108,32)
(107,32)
(106,32)
(105,32)
(104,32)
(103,32)
(102,32)
(101,32)
(100,32)
(99,32)
(98,32)
(97,32)
(96,32)
(95,32)
(94,32)
(93,32)
(92,32)
(91,32)
(90,32)
(89,32)
(88,32)
(87,32)
(86,32)
(85,32)
(84,32)
(83,32)
(82,32)
(81,32)
(80,32)
(79,32)
(78,32)
(77,32)
(76,32)
(75,32)
(74,32)
(73,32)
(72,32)
(71,32)
(70,32)
(69,32)
(68,32)
(67,32)
(66,32)
(65,32)
(64,32)
(63,32)
(62,32)
(61,32)
(60,32)
(59,32)
(121,32)
(122,32)
(123,32)
(124,32)
(125,32)
(126,32)
(127,32)
(128,32)
(129,32)
(130,32)
(131,32)
(132,32)
(133,32)
(134,32)
(135,32)
(136,32)
(137,32)
(138,32)
(139,32)
(140,32)
(141,32)
(142,32)
(143,32)
(144,32)
(145,32)
(146,32)
(147,32)
(148,32)
(149,32)
(150,32)
(151,32)
(152,32)
(153,32)
(154,32)
(155,32)
(156,32)
(157,32)
(119,33)
(118,33)
(117,33)
(116,33)
(115,33)
(114,33)
(113,33)
(112,33)
(111,33)
(110,33)
(109,33)
(108,33)
(107,33)
(106,33)
(105,33)
(104,33)
(103,33)
(102,33)
(101,33)
(100,33)
(99,33)
(98,33)
(97,33)
(96,33)
(95,33)
(94,33)
(121,33)
(122,33)
(123,33)
(124,33)
(125,33)
(126,33)
(127,33)
(128,33)
(129,33)
(130,33)
(131,33)
(132,33)
(133,33)
(134,33)
(135,33)
(136,33)
(137,33)
(138,33)
(139,33)
(140,33)
(141,33)
(142,33)
(143,33)
(144,33)
(145,33)
(146,33)
(147,33)
(148,33)
(149,33)
(150,33)
(151,33)
(152,33)
(153,33)
(154,33)
(155,33)
(156,33)
(157,33)
(158,33)
(159,33)
(160,33)
(161,33)
(162,33)
(163,33)
(164,33)
(165,33)
(166,33)
(119,34)
(118,34)
(117,34)
(116,34)
(115,34)
(114,34)
(113,34)
(112,34)
(111,34)
(110,34)
(109,34)
(108,34)
(107,34)
(106,34)
(105,34)
(104,34)
(103,34)
(102,34)
(101,34)
(100,34)
(99,34)
(98,34)
(97,34)
(96,34)
(95,34)
(94,34)
(93,34)
(92,34)
(91,34)
(90,34)
(89,34)
(88,34)
(87,34)
(86,34)
(85,34)
(84,34)
(83,34)
(82,34)
(81,34)
(80,34)
(79,34)
(78,34)
(77,34)
(76,34)
(75,34)
(74,34)
(73,34)
(72,34)
(71,34)
(70,34)
(69,34)
(68,34)
(67,34)
(66,34)
(65,34)
(64,34)
(63,34)
(121,34)
(122,34)
(123,34)
(124,34)
(125,34)
(126,34)
(127,34)
(128,34)
(129,34)
(130,34)
(131,34)
(132,34)
(133,34)
(134,34)
(135,34)
(136,34)
(137,34)
(138,34)
(139,34)
(140,34)
(141,34)
(142,34)
(119,35)
(118,35)
(117,35)
(116,35)
(115,35)
(114,35)
(113,35)
(112,35)
(111,35)
(110,35)
(109,35)
(108,35)
(107,35)
(106,35)
(105,35)
(104,35)
(103,35)
(102,35)
(101,35)
(100,35)
(99,35)
(98,35)
(97,35)
(96,35)
(95,35)
(94,35)
(93,35)
(92,35)
(91,35)
(90,35)
(121,35)
(122,35)
(123,35)
(124,35)
(125,35)
(126,35)
(127,35)
(128,35)
(129,35)
(130,35)
(131,35)
(132,35)
(133,35)
(134,35)
(135,35)
(136,35)
(137,35)
(138,35)
(139,35)
(140,35)
(141,35)
(142,35)
(143,35)
(144,35)
(145,35)
(146,35)
(147,35)
(148,35)
(149,35)
(150,35)
(151,35)
(152,35)
(153,35)
(154,35)
(155,35)
(156,35)
(157,35)
(158,35)
(159,35)
(160,35)
(161,35)
(162,35)
(119,46)
(118,46)
(117,46)
(116,46)
(115,46)
(114,46)
(113,46)
(112,46)
(111,46)
(110,46)
(109,46)
(108,46)
(107,46)
(106,46)
(105,46)
(104,46)
(103,46)
(102,46)
(101,46)
(100,46)
(99,46)
(98,46)
(97,46)
(96,46)
(95,46)
(94,46)
(93,46)
(121,46)
(122,46)
(123,46)
(124,46)
(125,46)
(126,46)
(127,46)
(128,46)
(129,46)
(130,46)
(131,46)
(132,46)
(133,46)
(134,46)
(135,46)
(136,46)
(137,46)
(138,46)
(139,46)
(140,46)
(141,46)
(142,46)
(143,46)
(144,46)
(145,46)
(146,46)
(147,46)
(148,46)
(149,46)
(150,46)
(151,46)
(152,46)
(153,46)
(154,46)
(155,46)
(156,46)
(119,55)
(118,55)
(117,55)
(116,55)
(115,55)
(114,55)
(113,55)
(112,55)
(111,55)
(110,55)
(109,55)
(108,55)
(107,55)
(106,55)
(105,55)
(104,55)
(103,55)
(102,55)
(101,55)
(100,55)
(99,55)
(98,55)
(97,55)
(96,55)
(95,55)
(121,55)
(122,55)
(123,55)
(124,55)
(125,55)
(126,55)
(127,55)
(128,55)
(129,55)
(130,55)
(131,55)
(132,55)
(133,55)
(134,55)
(135,55)
(136,55)
(137,55)
(138,55)
(139,55)
(140,55)
(141,55)
(142,55)
(143,55)
(144,55)
(145,55)
(146,55)
(147,55)
(148,55)
(149,55)
(150,55)
(151,55)
(152,55)
(153,55)
(154,55)
(155,55)
(156,55)
(157,55)
(158,55)
(158,66)
(159,66)
(160,66)
(161,66)
(162,66)
(163,66)
(164,66)
(165,66)
(166,66)
(167,66)
(168,66)
(169,66)
(170,66)
(171,66)
(172,66)
(173,66)
(174,66)
(175,66)
(176,66)
(177,66)
(178,66)
(179,66)
(180,66)
(181,66)
(182,66)
(183,66)
(184,66)
(185,66)
(186,66)
(187,66)
(188,66)
(189,66)
(190,66)
(191,66)
(192,66)
(193,66)
(194,66)
(195,66)
(196,66)
(197,66)
(198,66)
(199,66)
(200,66)
(201,66)
(202,66)
(203,66)
(204,66)
(205,66)
(90,70)
(89,70)
(88,70)
(87,70)
(86,70)
(85,70)
(84,70)
(83,70)
(82,70)
(81,70)
(80,70)
(79,70)
(78,70)
(77,70)
(76,70)
(75,70)
(74,70)
(73,70)
(72,70)
(71,70)
(70,70)
(69,70)
(68,70)
(67,70)
(130,70)
(119,71)
(118,71)
(117,71)
(116,71)
(115,71)
(114,71)
(113,71)
(112,71)
(111,71)
(110,71)
(109,71)
(108,71)
(107,71)
(106,71)
(105,71)
(104,71)
(103,71)
(102,71)
(101,71)
(100,71)
(99,71)
(98,71)
(97,71)
(96,71)
(95,71)
(94,71)
(121,71)
(122,71)
(123,71)
(124,71)
(125,71)
(126,71)
(127,71)
(128,71)
(129,71)
(130,71)
(131,71)
(132,71)
(133,71)
(134,71)
(135,71)
(136,71)
(137,71)
(138,71)
(139,71)
(140,71)
(141,71)
(142,71)
(143,71)
(144,71)
(145,71)
(146,71)
(147,71)
(148,71)
(149,71)
(150,71)
(151,71)
(152,71)
(153,71)
(154,71)
(155,71)
(156,71)
(157,71)
(130,72)
(144,72)
(158,72)
(180,77)
(119,85)
(118,85)
(117,85)
(116,85)
(115,85)
(114,85)
(113,85)
(112,85)
(111,85)
(110,85)
(109,85)
(108,85)
(107,85)
(106,85)
(105,85)
(104,85)
(103,85)
(102,85)
(101,85)
(100,85)
(99,85)
(98,85)
(97,85)
(96,85)
(95,85)
(94,85)
(93,85)
(92,85)
(91,85)
(90,85)
(89,85)
(88,85)
(87,85)
(86,85)
(85,85)
(84,85)
(83,85)
(82,85)
(81,85)
(80,85)
(79,85)
(78,85)
(77,85)
(76,85)
(75,85)
(74,85)
(73,85)
(72,85)
(71,85)
(70,85)
(69,85)
(68,85)
(67,85)
(66,85)
(121,85)
(122,85)
(123,85)
(124,85)
(125,85)
(126,85)
(127,85)
(128,85)
(129,85)
(130,85)
(131,85)
(132,85)
(133,85)
(134,85)
(135,85)
(136,85)
(137,85)
(138,85)
(139,85)
(140,85)
(141,85)
(142,85)
(143,85)
(144,85)
(145,85)
(146,85)
(147,85)
(148,85)
(149,85)
(150,85)
(151,85)
(152,85)
(153,85)
(154,85)
(155,85)
(156,85)
(157,85)
(158,85)
(159,85)
(160,85)
(161,85)
(162,85)
(163,85)
(164,85)
(165,85)
(166,85)
(167,85)
(168,85)
(169,85)
(170,85)
(171,85)
(172,85)
(173,85)
(174,85)
(175,85)
(176,85)
(177,85)
(178,85)
(179,85)
(180,85)
(181,85)
(119,86)
(118,86)
(117,86)
(116,86)
(115,86)
(114,86)
(113,86)
(112,86)
(111,86)
(110,86)
(109,86)
(108,86)
(107,86)
(106,86)
(105,86)
(104,86)
(103,86)
(102,86)
(101,86)
(100,86)
(99,86)
(98,86)
(97,86)
(96,86)
(95,86)
(94,86)
(93,86)
(92,86)
(91,86)
(90,86)
(89,86)
(88,86)
(87,86)
(86,86)
(85,86)
(84,86)
(83,86)
(82,86)
(81,86)
(80,86)
(79,86)
(78,86)
(77,86)
(76,86)
(75,86)
(74,86)
(73,86)
(72,86)
(71,86)
(121,86)
(122,86)
(123,86)
(124,86)
(125,86)
(126,86)
(127,86)
(128,86)
(129,86)
(130,86)
(131,86)
(132,86)
(133,86)
(134,86)
(135,86)
(136,86)
(137,86)
(138,86)
(139,86)
(140,86)
(141,86)
(142,86)
(143,86)
(144,86)
(145,86)
(146,86)
(147,86)
(148,86)
(149,86)
(150,86)
(151,86)
(152,86)
(153,86)
(154,86)
(155,86)
(156,86)
(157,86)
(158,86)
(159,86)
(160,86)
(161,86)
(162,86)
(163,86)
(164,86)
(165,86)
(166,86)
(167,86)
(168,86)
(169,86)
(170,86)
(171,86)
(172,86)
(173,86)
(174,86)
(175,86)
(176,86)
(177,86)
(178,86)
(179,86)
(180,86)
(181,86)
(182,86)
(183,86)
(184,86)
(185,86)
(186,86)
(187,86)
(188,86)
(189,86)
(190,86)
(191,86)
(192,86)
(193,86)
(194,86)
(195,86)
(196,86)
(197,86)
(198,86)
(199,86)
(200,86)
(201,86)
(202,86)
(203,86)
(204,86)
(205,86)
(127,87)
(119,98)
(118,98)
(117,98)
(116,98)
(115,98)
(114,98)
(113,98)
(112,98)
(111,98)
(110,98)
(109,98)
(108,98)
(107,98)
(106,98)
(105,98)
(104,98)
(103,98)
(102,98)
(101,98)
(100,98)
(99,98)
(98,98)
(97,98)
(96,98)
(95,98)
(94,98)
(93,98)
(121,98)
(122,98)
(123,98)
(124,98)
(125,98)
(126,98)
(127,98)
(128,98)
(129,98)
(130,98)
(131,98)
(132,98)
(133,98)
(134,98)
(135,98)
(136,98)
(137,98)
(138,98)
(139,98)
(140,98)
(141,98)
(142,98)
(143,98)
(144,98)
(145,98)
(146,98)
(147,98)
(148,98)
(149,98)
(150,98)
(151,98)
(152,98)
(153,98)
(154,98)
(155,98)
(156,98)
(119,107)
(118,107)
(117,107)
(116,107)
(115,107)
(114,107)
(113,107)
(112,107)
(111,107)
(110,107)
(109,107)
(108,107)
(107,107)
(106,107)
(105,107)
(104,107)
(103,107)
(102,107)
(101,107)
(100,107)
(99,107)
(98,107)
(97,107)
(96,107)
(95,107)
(158,107)
(130,122)
(119,123)
(118,123)
(117,123)
(116,123)
(115,123)
(114,123)
(113,123)
(112,123)
(111,123)
(110,123)
(109,123)
(108,123)
(107,123)
(106,123)
(105,123)
(104,123)
(103,123)
(102,123)
(101,123)
(100,123)
(99,123)
(98,123)
(97,123)
(96,123)
(95,123)
(94,123)
(121,123)
(122,123)
(123,123)
(124,123)
(125,123)
(126,123)
(127,123)
(128,123)
(129,123)
(130,123)
(131,123)
(132,123)
(133,123)
(134,123)
(135,123)
(136,123)
(137,123)
(138,123)
(139,123)
(140,123)
(141,123)
(142,123)
(143,123)
(144,123)
(145,123)
(146,123)
(147,123)
(148,123)
(149,123)
(150,123)
(151,123)
(152,123)
(153,123)
(154,123)
(155,123)
(156,123)
(157,123)
(119,124)
(118,124)
(117,124)
(116,124)
(115,124)
(114,124)
(113,124)
(112,124)
(111,124)
(110,124)
(109,124)
(108,124)
(107,124)
(106,124)
(105,124)
(104,124)
(103,124)
(102,124)
(101,124)
(100,124)
(99,124)
(98,124)
(97,124)
(96,124)
(95,124)
(94,124)
(93,124)
(92,124)
(91,124)
(90,124)
(89,124)
(88,124)
(87,124)
(86,124)
(85,124)
(84,124)
(83,124)
(82,124)
(81,124)
(80,124)
(79,124)
(78,124)
(77,124)
(76,124)
(75,124)
(74,124)
(73,124)
(72,124)
(71,124)
(70,124)
(69,124)
(68,124)
(67,124)
(66,124)
(65,124)
(64,124)
(63,124)
(62,124)
(61,124)
(60,124)
(59,124)
(58,124)
(57,124)
(56,124)
(55,124)
(54,124)
(53,124)
(52,124)
(51,124)
(50,124)
(49,124)
(48,124)
(47,124)
(46,124)
(45,124)
(44,124)
(43,124)
(42,124)
(41,124)
(40,124)
(39,124)
(38,124)
(37,124)
(36,124)
(35,124)
(34,124)
(33,124)
(32,124)
(31,124)
(30,124)
(29,124)
(121,124)
(122,124)
(123,124)
(124,124)
(125,124)
(126,124)
(127,124)
(128,124)
(129,124)
(130,124)
(131,124)
(132,124)
(133,124)
(134,124)
(135,124)
(136,124)
(137,124)
(138,124)
(139,124)
(140,124)
(141,124)
(142,124)
(143,124)
(144,124)
(145,124)
(146,124)
(147,124)
(148,124)
(149,124)
(150,124)
(151,124)
(152,124)
(153,124)
(154,124)
(155,124)
(156,124)
(157,124)
(158,124)
(48,126)
(47,126)
(46,126)
(45,126)
(44,126)
(43,126)
(42,126)
(41,126)
(40,126)
(39,126)
(38,126)
(37,126)
(36,126)
(35,126)
(34,126)
(33,126)
(32,126)
(31,126)
(30,126)
(29,126)
(121,126)
(122,126)
(123,126)
(124,126)
(125,126)
(126,126)
(127,126)
(128,126)
(129,126)
(130,126)
(131,126)
(132,126)
(133,126)
(134,126)
(135,126)
(136,126)
(137,126)
(138,126)
(139,126)
(140,126)
(141,126)
(142,126)
(143,126)
(144,126)
(145,126)
(146,126)
(147,126)
(148,126)
(149,126)
(150,126)
(151,126)
(152,126)
(153,126)
(154,126)
(155,126)
(156,126)
(157,126)
(158,126)
(159,126)
(160,126)
(161,126)
(162,126)
(163,126)
(164,126)
(165,126)
(166,126)
(167,126)
(168,126)
(169,126)
(170,126)
(171,126)
(172,126)
(173,126)
(174,126)
(175,126)
(176,126)
(177,126)
(178,126)
(179,126)
(180,126)
(181,126)
(182,126)
(183,126)
(119,128)
(118,128)
(117,128)
(116,128)
(115,128)
(114,128)
(113,128)
(112,128)
(111,128)
(110,128)
(109,128)
(108,128)
(107,128)
(106,128)
(105,128)
(104,128)
(103,128)
(102,128)
(101,128)
(100,128)
(99,128)
(98,128)
(97,128)
(96,128)
(95,128)
(94,128)
(93,128)
(92,128)
(91,128)
(90,128)
(89,128)
(88,128)
(87,128)
(86,128)
(85,128)
(84,128)
(83,128)
(82,128)
(81,128)
(80,128)
(79,128)
(78,128)
(77,128)
(76,128)
(75,128)
(74,128)
(73,128)
(72,128)
(71,128)
(70,128)
(69,128)
(68,128)
(67,128)
(66,128)
(65,128)
(64,128)
(63,128)
(62,128)
(61,128)
(60,128)
(59,128)
(58,128)
(57,128)
(56,128)
(55,128)
(54,128)
(53,128)
(52,128)
(51,128)
(50,128)
(49,128)
(48,128)
(47,128)
(46,128)
(45,128)
(44,128)
(43,128)
(42,128)
(41,128)
(40,128)
(39,128)
(38,128)
(37,128)
(119,129)
(118,129)
(117,129)
(116,129)
(115,129)
(114,129)
(113,129)
(112,129)
(111,129)
(110,129)
(109,129)
(108,129)
(107,129)
(106,129)
(105,129)
(104,129)
(103,129)
(102,129)
(101,129)
(100,129)
(99,129)
(98,129)
(97,129)
(96,129)
(95,129)
(94,129)
(93,129)
(92,129)
(91,129)
(90,129)
(89,129)
(88,129)
(87,129)
(86,129)
(85,129)
(84,129)
(83,129)
(82,129)
(81,129)
(80,129)
(79,129)
(78,129)
(77,129)
(76,129)
(75,129)
(74,129)
(73,129)
(72,129)
(71,129)
(70,129)
(69,129)
(68,129)
(67,129)
(66,129)
(65,129)
(64,129)
(63,129)
(62,129)
(61,129)
(60,129)
(59,129)
(58,129)
(57,129)
(56,129)
(55,129)
(54,129)
(53,129)
(52,129)
(51,129)
(50,129)
(121,129)
(122,129)
(123,129)
(124,129)
(125,129)
(126,129)
(127,129)
(128,129)
(129,129)
(130,129)
(131,129)
(132,129)
(133,129)
(134,129)
(135,129)
(136,129)
(137,129)
(138,129)
(139,129)
(140,129)
(141,129)
(142,129)
(143,129)
(144,129)
(145,129)
(146,129)
(147,129)
(148,129)
(149,129)
(150,129)
(151,129)
(152,129)
(153,129)
(154,129)
(155,129)
(156,129)
(157,129)
(158,129)
(159,129)
(160,129)
(161,129)
(162,129)
(163,129)
(164,129)
(165,129)
(166,129)
(167,129)
(168,129)
(169,129)
(170,129)
(171,129)
(172,129)
(173,129)
(174,129)
(175,129)
(176,129)
(177,129)
(178,129)
(179,129)
(180,129)
(181,129)
(182,129)
(183,129)
(184,129)
(185,129)
(186,129)
(187,129)
(188,129)
(121,133)
(122,133)
(123,133)
(124,133)
(125,133)
(126,133)
(127,133)
(128,133)
(129,133)
(130,133)
(131,133)
(132,133)
(133,133)
(134,133)
(135,133)
(136,133)
(137,133)
(138,133)
(139,133)
(140,133)
(141,133)
(142,133)
(143,133)
(144,133)
(145,133)
(146,133)
(147,133)
(148,133)
(149,133)
(150,133)
(151,133)
(152,133)
(153,133)
(154,133)
(155,133)
(156,133)
(157,133)
(158,133)
(159,133)
(160,133)
(161,133)
(162,133)
(163,133)
(164,133)
(165,133)
(166,133)
(167,133)
(168,133)
(169,133)
(170,133)
(171,133)
(172,133)
(173,133)
(174,133)
(175,133)
(176,133)
(177,133)
(178,133)
(179,133)
(180,133)
(181,133)
(182,133)
(183,133)
(119,134)
(118,134)
(117,134)
(116,134)
(115,134)
(114,134)
(113,134)
(112,134)
(111,134)
(110,134)
(109,134)
(108,134)
(107,134)
(106,134)
(105,134)
(104,134)
(103,134)
(102,134)
(101,134)
(100,134)
(99,134)
(98,134)
(97,134)
(96,134)
(95,134)
(94,134)
(93,134)
(92,134)
(91,134)
(90,134)
(89,134)
(88,134)
(87,134)
(86,134)
(85,134)
(84,134)
(83,134)
(82,134)
(81,134)
(80,134)
(79,134)
(78,134)
(77,134)
(76,134)
(75,134)
(74,134)
(73,134)
(72,134)
(71,134)
(70,134)
(69,134)
(68,134)
(67,134)
(66,134)
(65,134)
(64,134)
(63,134)
(62,134)
(61,134)
(60,134)
(59,134)
(58,134)
(57,134)
(56,134)
(55,134)
(54,134)
(53,134)
(52,134)
(51,134)
(50,134)
(121,137)
(122,137)
(123,137)
(124,137)
(125,137)
(126,137)
(127,137)
(128,137)
(129,137)
(130,137)
(131,137)
(132,137)
(133,137)
(134,137)
(135,137)
(136,137)
(137,137)
(138,137)
(139,137)
(140,137)
(141,137)
(142,137)
(143,137)
(144,137)
(145,137)
(146,137)
(147,137)
(148,137)
(149,137)
(150,137)
(151,137)
(152,137)
(153,137)
(154,137)
(155,137)
(156,137)
(157,137)
(158,137)
(159,137)
(160,137)
(161,137)
(162,137)
(163,137)
(164,137)
(165,137)
(166,137)
(167,137)
(168,137)
(169,137)
(170,137)
(171,137)
(172,137)
(173,137)
(174,137)
(175,137)
(176,137)
(177,137)
(119,142)
(118,142)
(117,142)
(116,142)
(115,142)
(114,142)
(113,142)
(112,142)
(111,142)
(110,142)
(109,142)
(108,142)
(107,142)
(106,142)
(105,142)
(104,142)
(103,142)
(102,142)
(101,142)
(100,142)
(99,142)
(98,142)
(97,142)
(96,142)
(95,142)
(94,142)
(93,142)
(92,142)
(91,142)
(90,142)
(89,142)
(88,142)
(87,142)
(86,142)
(85,142)
(108,143)
(107,143)
(106,143)
(105,143)
(104,143)
(103,143)
(102,143)
(101,143)
(100,143)
(99,143)
(98,143)
(97,143)
(96,143)
(95,143)
(94,143)
(93,143)
(92,143)
(91,143)
(90,143)
(89,143)
(88,143)
(87,143)
(86,143)
(85,143)
(84,143)
(83,143)
(82,143)
(81,143)
(80,143)
(79,143)
(78,143)
(77,143)
(76,143)
(75,143)
(74,143)
(73,143)
(72,143)
(71,143)
(70,143)
(69,143)
(68,143)
(67,143)
(66,143)
(65,143)
(64,143)
(63,143)
(62,143)
(61,143)
(60,143)
(59,143)
(121,143)
(122,143)
(123,143)
(124,143)
(125,143)
(126,143)
(127,143)
(128,143)
(129,143)
(130,143)
(131,143)
(132,143)
(133,143)
(134,143)
(135,143)
(136,143)
(137,143)
(138,143)
(139,143)
(140,143)
(141,143)
(142,143)
(143,143)
(144,143)
(145,143)
(146,143)
(147,143)
(148,143)
(149,143)
(150,143)
(151,143)
(152,143)
(153,143)
(154,143)
(155,143)
(156,143)
(157,143)
(158,143)
(159,143)
(160,143)
(161,143)
(162,143)
(163,143)
(164,143)
(165,143)
(166,143)
(167,143)
(168,143)
(169,143)
(170,143)
(171,143)
(172,143)
(173,143)
(174,143)
(175,143)
(176,143)
(177,143)
(178,143)
(179,143)
(119,144)
(118,144)
(117,144)
(116,144)
(115,144)
(114,144)
(113,144)
(112,144)
(111,144)
(110,144)
(109,144)
(108,144)
(107,144)
(106,144)
(105,144)
(104,144)
(103,144)
(102,144)
(101,144)
(100,144)
(99,144)
(98,144)
(97,144)
(96,144)
(95,144)
(94,144)
(93,144)
(92,144)
(91,144)
(90,144)
(89,144)
(88,144)
(87,144)
(86,144)
(85,144)
(84,144)
(83,144)
(82,144)
(81,144)
(80,144)
(79,144)
(78,144)
(77,144)
(76,144)
(75,144)
(74,144)
(73,144)
(72,144)
(71,144)
(70,144)
(69,144)
(68,144)
(67,144)
(66,144)
(65,144)
(144,144)
(120,89)
(120,88)
(120,87)
(120,86)
(120,85)
(120,84)
(120,83)
(120,82)
(120,81)
(120,80)
(120,79)
(120,78)
(120,77)
(120,76)
(120,75)
(120,74)
(120,73)
(120,72)
(120,71)
(120,70)
(120,69)
(120,68)
(120,67)
(120,66)
(120,65)
(120,64)
(120,63)
(120,62)
(120,61)
(120,60)
(120,59)
(120,58)
(120,57)
(120,56)
(120,55)
(120,54)
(120,53)
(120,52)
(120,51)
(120,50)
(120,49)
(120,48)
(120,47)
(120,46)
(120,45)
(120,44)
(120,43)
(120,42)
(120,41)
(120,40)
(120,39)
(120,38)
(120,37)
(120,36)
(120,35)
(120,34)
(120,33)
(120,32)
(120,31)
(120,30)
(120,29)
(120,28)
(120,27)
(120,26)
(120,25)
(120,24)
(120,91)
(120,92)
(120,93)
(120,94)
(120,95)
(120,96)
(120,97)
(120,98)
(120,99)
(120,100)
(120,101)
(120,102)
(120,103)
(120,104)
(120,105)
(120,106)
(120,107)
(120,108)
(120,109)
(120,110)
(120,111)
(120,112)
(120,113)
(120,114)
(120,115)
(120,116)
(120,117)
(120,118)
(120,119)
(120,120)
(120,121)
(120,122)
(120,123)
(120,124)
(120,125)
(120,126)
(120,127)
(120,128)
(120,129)
(120,130)
(120,131)
(120,132)
(120,133)
(120,134)
(120,135)
(120,136)
(120,137)
(120,138)
(120,139)
(120,140)
(120,141)
(120,142)
(120,143)
(120,144)
(120,145)
(120,146)
(120,147)
(120,148)
(120,149)
(120,150)
(120,151)
(120,152)
(120,153)
(120,89)
(120,88)
(120,87)
(120,86)
(120,85)
(120,84)
(120,83)
(120,82)
(120,81)
(120,80)
(120,79)
(120,78)
(120,77)
(120,76)
(120,75)
(120,74)
(120,73)
(120,72)
(120,71)
(120,70)
(120,69)
(120,68)
(120,67)
(120,66)
(120,65)
(120,64)
(120,63)
(120,62)
(120,61)
(120,60)
(120,59)
(120,58)
(120,57)
(120,56)
(120,55)
(120,54)
(120,53)
(120,52)
(120,51)
(120,50)
(120,49)
(120,48)
(120,47)
(120,46)
(120,45)
(120,44)
(120,43)
(120,42)
(120,41)
(120,40)
(120,39)
(120,38)
(120,37)
(120,36)
(120,35)
(120,34)
(120,33)
(120,32)
(120,31)
(120,30)
(120,29)
(120,28)
(120,27)
(120,26)
(120,25)
(120,24)
(120,91)
(120,92)
(120,93)
(120,94)
(120,95)
(120,96)
(120,97)
(120,98)
(120,99)
(120,100)
(120,101)
(120,102)
(120,103)
(120,104)
(120,105)
(120,106)
(120,107)
(120,108)
(120,109)
(120,110)
(120,111)
(120,112)
(120,113)
(120,114)
(120,115)
(120,116)
(120,117)
(120,118)
(120,119)
(120,120)
(120,121)
(120,122)
(120,123)
(120,124)
(120,125)
(120,126)
(120,127)
(120,128)
(120,129)
(120,130)
(120,131)
(120,132)
(120,133)
(120,134)
(120,135)
(120,136)
(120,137)
(120,138)
(120,139)
(120,140)
(120,141)
(120,142)
(120,143)
(120,144)
(120,145)
(120,146)
(120,147)
(120,148)
(120,149)
(120,150)
(120,151)
(120,152)
(120,153)
(120,89)
(120,88)
(120,87)
(120,86)
(120,85)
(120,84)
(120,83)
(120,82)
(120,81)
(120,80)
(120,79)
(120,78)
(120,77)
(120,76)
(120,75)
(120,74)
(120,73)
(120,72)
(120,71)
(120,70)
(120,69)
(120,68)
(120,67)
(120,66)
(120,65)
(120,64)
(120,63)
(120,62)
(120,61)
(120,60)
(120,59)
(120,58)
(120,57)
(120,56)
(120,55)
(120,54)
(120,53)
(120,52)
(120,51)
(120,50)
(120,49)
(120,48)
(120,47)
(120,46)
(120,45)
(120,44)
(120,43)
(120,42)
(120,41)
(120,40)
(120,39)
(120,38)
(120,37)
(120,36)
(120,35)
(120,34)
(120,33)
(120,32)
(120,31)
(120,30)
(120,29)
(120,28)
(120,27)
(120,26)
(120,25)
(120,24)
(120,91)
(120,92)
(120,93)
(120,94)
(120,95)
(120,96)
(120,97)
(120,98)
(120,99)
(120,100)
(120,101)
(120,102)
(120,103)
(120,104)
(120,105)
(120,106)
(120,107)
(120,108)
(120,109)
(120,110)
(120,111)
(120,112)
(120,113)
(120,114)
(120,115)
(120,116)
(120,117)
(120,118)
(120,119)
(120,120)
(120,121)
(120,122)
(120,123)
(120,124)
(120,125)
(120,126)
(120,127)
(120,128)
(120,129)
(120,130)
(120,131)
(120,132)
(120,133)
(120,134)
(120,135)
(120,136)
(120,137)
(120,138)
(120,139)
(120,140)
(120,141)
(120,142)
(120,143)
(120,144)
(120,145)
(120,146)
(120,147)
(120,148)
(120,149)
(120,150)
(120,151)
(120,152)
(120,153)
(120,89)
(120,88)
(120,87)
(120,86)
(120,85)
(120,84)
(120,83)
(120,82)
(120,81)
(120,80)
(120,79)
(120,78)
(120,77)
(120,76)
(120,75)
(120,74)
(120,73)
(120,72)
(120,71)
(120,70)
(120,69)
(120,68)
(120,67)
(120,66)
(120,65)
(120,64)
(120,63)
(120,62)
(120,61)
(120,60)
(120,59)
(120,58)
(120,57)
(120,56)
(120,55)
(120,54)
(120,53)
(120,52)
(120,51)
(120,50)
(120,49)
(120,48)
(120,47)
(120,46)
(120,45)
(120,44)
(120,43)
(120,42)
(120,41)
(120,40)
(120,39)
(120,38)
(120,37)
(120,36)
(120,35)
(120,34)
(120,33)
(120,32)
(120,31)
(120,30)
(120,29)
(120,28)
(120,27)
(120,26)
(120,25)
(120,24)
(120,91)
(120,92)
(120,93)
(120,94)
(120,95)
(120,96)
(120,97)
(120,98)
(120,99)
(120,100)
(120,101)
(120,102)
(120,103)
(120,104)
(120,105)
(120,106)
(120,107)
(120,108)
(120,109)
(120,110)
(120,111)
(120,112)
(120,113)
(120,114)
(120,115)
(120,116)
(120,117)
(120,118)
(120,119)
(120,120)
(120,121)
(120,122)
(120,123)
(120,124)
(120,125)
(120,126)
(120,127)
(120,128)
(120,129)
(120,130)
(120,131)
(120,132)
(120,133)
(120,134)
(120,135)
(120,136)
(120,137)
(120,138)
(120,139)
(120,140)
(120,141)
(120,142)
(120,143)
(120,144)
(120,145)
(120,146)
(120,147)
(120,148)
(120,149)
(120,150)
(120,151)
(120,152)
(120,153)
141
(63,30)
(82,30)
(101,30)
(120,30)
(139,30)
(158,30)
(177,31)
(47,43)
(187,44)
(206,47)
(113,48)
(70,52)
(89,52)
(135,52)
(154,52)
(29,53)
(181,57)
(49,60)
(204,62)
(93,66)
(113,66)
(158,66)
(70,68)
(135,68)
(29,72)
(182,72)
(49,77)
(205,77)
(111,83)
(177,87)
(29,91)
(204,92)
(50,93)
(113,101)
(181,101)
(70,104)
(89,104)
(135,104)
(154,104)
(205,107)
(29,110)
(49,110)
(182,116)
(93,118)
(158,118)
(113,119)
(70,120)
(135,120)
(204,122)
(48,126)
(181,131)
(113,135)
(62,141)
(81,141)
(132,141)
(151,141)
(170,144)
(68,83)
(86,83)
(129,83)
(147,83)
(157,87)
(28,122)
(100,138)
(90,70)
(155,70)
(91,87)
(90,122)
(155,122)
(206,127)
(108,143)
(58,32)
(73,32)
(88,32)
(128,32)
(143,32)
(158,32)
(93,33)
(167,33)
(62,34)
(80,34)
(128,34)
(143,34)
(89,35)
(148,35)
(163,35)
(92,46)
(157,46)
(94,55)
(159,55)
(206,66)
(66,70)
(131,70)
(93,71)
(158,71)
(66,72)
(80,72)
(94,72)
(131,72)
(145,72)
(159,72)
(181,77)
(65,85)
(121,85)
(136,85)
(182,85)
(70,86)
(206,86)
(128,87)
(92,98)
(157,98)
(94,107)
(159,107)
(66,122)
(131,122)
(93,123)
(158,123)
(28,124)
(66,124)
(80,124)
(94,124)
(131,124)
(145,124)
(159,124)
(28,126)
(184,126)
(36,128)
(49,129)
(189,129)
(184,133)
(49,134)
(178,137)
(84,142)
(113,142)
(58,143)
(87,143)
(125,143)
(140,143)
(180,143)
(64,144)
(145,144)
